0,131240;[-0,817150 -0,561277 -0,011918 -0,046098 -0,276800 0,490432 -0,621910 0,090816 0,314967 -0,546259 -0,557807 1,596786 0,000000 0,000000 0,000000 1,000000];[1,000000 0,000000 0,000000 0,000000 0,000000 -0,000000 -1,000000 0,000000 0,000000 1,000000 -0,000000 1000,000000 0,000000 0,000000 0,000000 1,000000];
0.075896;[-0.816200 -0.562230 -0.013033 -0.046572 -0.277149 0.491904 -0.621532 0.093851 0.315694 -0.545650 -0.559093 1.596939 0.000000 0.000000 0.000000 1.000000];[-0.817150 -0.561277 -0.011918 -46.097607 -0.276800 0.490432 -0.621910 90.816010 0.314967 -0.546259 -0.557807 1596.785522 0.000000 0.000000 0.000000 1.000000];
0.070536;[-0.843911 -0.534728 -0.042787 -0.031630 -0.271790 0.494953 -0.825275 0.094816 0.462500 -0.684841 -0.563021 1.529868 0.000000 0.000000 0.000000 1.000000];[-0.816200 -0.562230 -0.013033 -46.571846 -0.277149 0.491904 -0.621532 93.850578 0.315694 -0.545650 -0.559093 1596.939331 0.000000 0.000000 0.000000 1.000000];
0.123522;[-0.843847 -0.534667 -0.044980 -0.031279 -0.270588 0.496452 -0.824777 0.099176 0.463313 -0.683818 -0.563607 1.532733 0.000000 0.000000 0.000000 1.000000];[-0.858224 -0.510737 -0.050505 -30.879709 -0.265626 0.526201 -0.807764 97.841034 0.439154 -0.679838 -0.587256 1509.969971 0.000000 0.000000 0.000000 1.000000];
0.137038;[-0.841939 -0.537683 -0.044639 -0.030580 -0.272927 0.495817 -0.824405 0.102844 0.465412 -0.681932 -0.564200 1.532633 0.000000 0.000000 0.000000 1.000000];[-0.857657 -0.511844 -0.048902 -30.400398 -0.267505 0.525378 -0.807680 101.916130 0.439121 -0.679642 -0.587507 1508.863770 0.000000 0.000000 0.000000 1.000000];
0.126510;[-0.842464 -0.536972 -0.043534 -0.030126 -0.274154 0.496893 -0.823341 0.106835 0.463754 -0.681700 -0.565832 1.536361 0.000000 0.000000 0.000000 1.000000];[-0.854998 -0.516197 -0.049712 -29.595966 -0.270608 0.525848 -0.806339 105.520309 0.442394 -0.675976 -0.589278 1506.511230 0.000000 0.000000 0.000000 1.000000];
0.127136;[-0.843149 -0.536041 -0.041547 -0.028845 -0.273710 0.494454 -0.824961 0.110766 0.462776 -0.684204 -0.563616 1.539743 0.000000 0.000000 0.000000 1.000000];[-0.859382 -0.508856 -0.049803 -28.301846 -0.266182 0.528414 -0.806134 109.396744 0.436546 -0.679531 -0.589551 1515.565430 0.000000 0.000000 0.000000 1.000000];
0.124582;[-0.842699 -0.536665 -0.042253 -0.027294 -0.274847 0.496368 -0.823425 0.113980 0.462900 -0.682292 -0.565789 1.543806 0.000000 0.000000 0.000000 1.000000];[-0.863781 -0.501532 -0.047972 -27.404892 -0.266168 0.535078 -0.801731 112.141350 0.427785 -0.679762 -0.595675 1508.742676 0.000000 0.000000 0.000000 1.000000];
0.117546;[-0.842255 -0.537480 -0.040368 -0.027021 -0.275588 0.493727 -0.824755 0.117093 0.463268 -0.683553 -0.563949 1.543426 0.000000 0.000000 0.000000 1.000000];[-0.868863 -0.492594 -0.048806 -26.680960 -0.258600 0.535742 -0.803762 115.861259 0.422097 -0.685748 -0.592864 1518.104614 0.000000 0.000000 0.000000 1.000000];
0.128464;[-0.841058 -0.539314 -0.041174 -0.026521 -0.279535 0.498544 -0.820536 0.120111 0.463076 -0.678621 -0.570062 1.548226 0.000000 0.000000 0.000000 1.000000];[-0.869983 -0.490704 -0.047881 -26.127724 -0.261544 0.541620 -0.798855 117.735596 0.417956 -0.682478 -0.599533 1509.724243 0.000000 0.000000 0.000000 1.000000];
0.119263;[-0.838960 -0.542633 -0.040470 -0.026130 -0.282225 0.497502 -0.820250 0.121762 0.465240 -0.676749 -0.570528 1.545735 0.000000 0.000000 0.000000 1.000000];[-0.861880 -0.504653 -0.049412 -25.604841 -0.267804 0.535750 -0.800737 120.018639 0.430589 -0.676917 -0.596892 1518.290283 0.000000 0.000000 0.000000 1.000000];
0.117694;[-0.839112 -0.542671 -0.036576 -0.025821 -0.287403 0.499490 -0.817238 0.122869 0.461780 -0.675265 -0.575091 1.552802 0.000000 0.000000 0.000000 1.000000];[-0.861740 -0.505182 -0.046360 -25.010733 -0.273974 0.540324 -0.795560 120.694946 0.426973 -0.672874 -0.604018 1512.360840 0.000000 0.000000 0.000000 1.000000];
0.117948;[-0.839302 -0.542449 -0.035929 -0.024764 -0.288410 0.500310 -0.816378 0.123461 0.460825 -0.674827 -0.576369 1.550573 0.000000 0.000000 0.000000 1.000000];[-0.869139 -0.492270 -0.047127 -24.462393 -0.266137 0.545909 -0.794406 121.213242 0.416810 -0.677917 -0.605476 1514.262085 0.000000 0.000000 0.000000 1.000000];
0.139552;[-0.839749 -0.541984 -0.032446 -0.023954 -0.292290 0.501586 -0.814181 0.123757 0.457554 -0.674227 -0.579628 1.552750 0.000000 0.000000 0.000000 1.000000];[-0.873296 -0.484855 -0.047153 -23.602959 -0.262335 0.549608 -0.793119 121.643120 0.410484 -0.680268 -0.607158 1517.883545 0.000000 0.000000 0.000000 1.000000];
0.127908;[-0.837231 -0.545646 -0.035833 -0.022718 -0.294427 0.505033 -0.811273 0.124674 0.460783 -0.668673 -0.583480 1.551872 0.000000 0.000000 0.000000 1.000000];[-0.874748 -0.482632 -0.042853 -23.109547 -0.264748 0.550133 -0.791953 123.361862 0.405817 -0.681424 -0.608997 1520.944702 0.000000 0.000000 0.000000 1.000000];
0.120382;[-0.836321 -0.547145 -0.034300 -0.021907 -0.297974 0.506223 -0.809268 0.126459 0.460151 -0.666592 -0.586402 1.550673 0.000000 0.000000 0.000000 1.000000];[-0.869881 -0.491184 -0.044700 -21.626892 -0.270756 0.551290 -0.789112 124.463837 0.412263 -0.674341 -0.612541 1516.506836 0.000000 0.000000 0.000000 1.000000];
0.127865;[-0.837435 -0.545611 -0.030910 -0.021078 -0.299092 0.504928 -0.809662 0.129357 0.457394 -0.668809 -0.586031 1.550588 0.000000 0.000000 0.000000 1.000000];[-0.865834 -0.498298 -0.044550 -20.725315 -0.276097 0.550168 -0.788044 127.143410 0.417212 -0.670024 -0.613925 1512.114868 0.000000 0.000000 0.000000 1.000000];
0.125866;[-0.836013 -0.547705 -0.032734 -0.020019 -0.300549 0.507028 -0.807794 0.133612 0.459051 -0.665489 -0.588495 1.549666 0.000000 0.000000 0.000000 1.000000];[-0.862517 -0.504173 -0.042746 -19.980690 -0.282579 0.550022 -0.785845 131.013153 0.419734 -0.665735 -0.616864 1509.410156 0.000000 0.000000 0.000000 1.000000];
0.137797;[-0.834753 -0.549644 -0.032250 -0.019025 -0.302957 0.507414 -0.806649 0.138136 0.459755 -0.663589 -0.590079 1.549843 0.000000 0.000000 0.000000 1.000000];[-0.865471 -0.498630 -0.047773 -18.867771 -0.277265 0.556271 -0.783335 135.570480 0.417190 -0.664717 -0.619682 1508.363892 0.000000 0.000000 0.000000 1.000000];
0.126834;[-0.834378 -0.550302 -0.029874 -0.018544 -0.306014 0.507678 -0.805322 0.143741 0.458369 -0.662823 -0.591985 1.548796 0.000000 0.000000 0.000000 1.000000];[-0.863481 -0.502265 -0.045645 -18.545040 -0.280238 0.553049 -0.784558 141.114594 0.419321 -0.664669 -0.618294 1504.942139 0.000000 0.000000 0.000000 1.000000];
0.117403;[-0.831777 -0.554081 -0.032803 -0.017885 -0.307399 0.508966 -0.803946 0.149920 0.462188 -0.658623 -0.593662 1.545434 0.000000 0.000000 0.000000 1.000000];[-0.854230 -0.518059 -0.043110 -17.896391 -0.291225 0.545564 -0.785796 146.876755 0.430631 -0.658705 -0.616901 1502.653442 0.000000 0.000000 0.000000 1.000000];
0.116975;[-0.831764 -0.554136 -0.032549 -0.016760 -0.306992 0.508067 -0.804724 0.156181 0.462481 -0.659368 -0.592704 1.545635 0.000000 0.000000 0.000000 1.000000];[-0.855578 -0.515669 -0.044987 -16.498350 -0.291110 0.551183 -0.781908 151.935028 0.428024 -0.655897 -0.621689 1495.878540 0.000000 0.000000 0.000000 1.000000];
0.130673;[-0.829872 -0.557015 -0.031321 -0.015258 -0.310435 0.507692 -0.803638 0.162095 0.463559 -0.657208 -0.594237 1.539844 0.000000 0.000000 0.000000 1.000000];[-0.846885 -0.529879 -0.044327 -14.994473 -0.299838 0.544706 -0.783148 158.041977 0.439142 -0.649955 -0.620174 1490.321411 0.000000 0.000000 0.000000 1.000000];
0.128433;[-0.827171 -0.560779 -0.035575 -0.012422 -0.311449 0.510273 -0.801574 0.169338 0.467693 -0.651968 -0.596741 1.538619 0.000000 0.000000 0.000000 1.000000];[-0.822043 -0.567378 -0.047731 -12.036551 -0.318798 0.528075 -0.787041 164.598022 0.471780 -0.631773 -0.614971 1485.359131 0.000000 0.000000 0.000000 1.000000];
0.132259;[-0.823600 -0.566004 -0.035702 -0.008363 -0.314722 0.508505 -0.801453 0.176309 0.471805 -0.648846 -0.596944 1.533483 0.000000 0.000000 0.000000 1.000000];[-0.792819 -0.607656 -0.046251 -8.401118 -0.344666 0.509666 -0.788274 169.780823 0.502600 -0.609025 -0.613504 1468.197021 0.000000 0.000000 0.000000 1.000000];
0.125365;[-0.820890 -0.569897 -0.036328 -0.003646 -0.315070 0.505051 -0.803516 0.182438 0.476277 -0.648162 -0.594143 1.526857 0.000000 0.000000 0.000000 1.000000];[-0.766351 -0.640459 -0.049636 -4.009885 -0.361502 0.493828 -0.790811 175.488235 0.531023 -0.588102 -0.609965 1458.398804 0.000000 0.000000 0.000000 1.000000];
0.127726;[-0.816145 -0.576289 -0.041751 0.002480 -0.317372 0.507456 -0.801043 0.189345 0.482853 -0.640524 -0.597048 1.523458 0.000000 0.000000 0.000000 1.000000];[-0.751787 -0.657399 -0.050872 1.747238 -0.371843 0.486392 -0.790625 181.076126 0.544529 -0.575472 -0.610104 1449.117432 0.000000 0.000000 0.000000 1.000000];
0.137982;[-0.812833 -0.580722 -0.044999 0.008964 -0.318567 0.507910 -0.800307 0.196594 0.487624 -0.636189 -0.597845 1.521656 0.000000 0.000000 0.000000 1.000000];[-0.749017 -0.660448 -0.052211 7.856124 -0.374768 0.487351 -0.788651 187.203278 0.546338 -0.571153 -0.612541 1441.582886 0.000000 0.000000 0.000000 1.000000];
0.130907;[-0.807078 -0.588590 -0.046240 0.015321 -0.321462 0.503786 -0.801750 0.202890 0.495199 -0.632223 -0.595799 1.514062 0.000000 0.000000 0.000000 1.000000];[-0.750377 -0.658692 -0.054806 14.186296 -0.372617 0.490028 -0.788010 194.185638 0.545943 -0.570890 -0.613138 1440.997803 0.000000 0.000000 0.000000 1.000000];
0.132196;[-0.801471 -0.596256 -0.045207 0.021889 -0.327080 0.500422 -0.801601 0.211229 0.500590 -0.627679 -0.596105 1.512495 0.000000 0.000000 0.000000 1.000000];[-0.745231 -0.664362 -0.056562 20.722218 -0.372859 0.485540 -0.790670 202.181015 0.552784 -0.568149 -0.609545 1441.390381 0.000000 0.000000 0.000000 1.000000];
0.117815;[-0.798292 -0.600508 -0.045528 0.029581 -0.328927 0.498097 -0.802290 0.219465 0.504468 -0.625495 -0.595151 1.510227 0.000000 0.000000 0.000000 1.000000];[-0.745479 -0.663766 -0.060170 27.183123 -0.368586 0.485783 -0.792521 210.326920 0.555309 -0.568638 -0.606787 1440.904907 0.000000 0.000000 0.000000 1.000000];
0.115524;[-0.790630 -0.610242 -0.049179 0.036047 -0.332957 0.495994 -0.801920 0.227381 0.513790 -0.617658 -0.595331 1.503195 0.000000 0.000000 0.000000 1.000000];[-0.723884 -0.687303 -0.059578 33.564583 -0.383166 0.472343 -0.793730 216.956055 0.573707 -0.551747 -0.605264 1428.250610 0.000000 0.000000 0.000000 1.000000];
0.124586;[-0.784444 -0.618025 -0.050973 0.042979 -0.335821 0.492465 -0.802896 0.235464 0.521345 -0.612727 -0.593856 1.498358 0.000000 0.000000 0.000000 1.000000];[-0.721927 -0.689200 -0.061381 40.425171 -0.382526 0.471438 -0.794577 225.390823 0.576592 -0.550153 -0.603972 1427.558838 0.000000 0.000000 0.000000 1.000000];
0.127101;[-0.777308 -0.626774 -0.053390 0.049850 -0.341481 0.491716 -0.800972 0.244602 0.528308 -0.604375 -0.596264 1.496874 0.000000 0.000000 0.000000 1.000000];[-0.706117 -0.705565 -0.059329 46.254051 -0.395477 0.462491 -0.793494 231.917572 0.587333 -0.536842 -0.605599 1417.242554 0.000000 0.000000 0.000000 1.000000];
0.126701;[-0.771028 -0.634486 -0.053441 0.055883 -0.345519 0.487433 -0.801865 0.252799 0.534833 -0.599801 -0.595071 1.491463 0.000000 0.000000 0.000000 1.000000];[-0.704074 -0.707443 -0.061209 52.438023 -0.394877 0.461699 -0.794253 239.969147 0.590182 -0.535049 -0.604415 1413.233765 0.000000 0.000000 0.000000 1.000000];
0.117095;[-0.762423 -0.644656 -0.054823 0.062520 -0.350470 0.482767 -0.802543 0.260035 0.543844 -0.592676 -0.594003 1.486462 0.000000 0.000000 0.000000 1.000000];[-0.704819 -0.706419 -0.064366 59.387005 -0.394197 0.465484 -0.792380 247.660416 0.589747 -0.533118 -0.606542 1409.303101 0.000000 0.000000 0.000000 1.000000];
0.136502;[-0.754877 -0.653058 -0.059195 0.070907 -0.354635 0.482558 -0.800805 0.268855 0.551562 -0.583514 -0.595872 1.483532 0.000000 0.000000 0.000000 1.000000];[-0.698596 -0.712391 -0.066364 66.922607 -0.396768 0.462904 -0.792608 255.701202 0.595401 -0.527387 -0.606028 1406.772339 0.000000 0.000000 0.000000 1.000000];
0.116602;[-0.748041 -0.660974 -0.057900 0.077418 -0.359360 0.476989 -0.802051 0.276515 0.557791 -0.579175 -0.594339 1.477737 0.000000 0.000000 0.000000 1.000000];[-0.690015 -0.720556 -0.067963 73.523849 -0.401309 0.459038 -0.792570 262.426147 0.602324 -0.519617 -0.605900 1398.282227 0.000000 0.000000 0.000000 1.000000];
0.133003;[-0.740851 -0.668875 -0.059548 0.084957 -0.361576 0.472157 -0.803927 0.284053 0.565847 -0.574077 -0.591637 1.472692 0.000000 0.000000 0.000000 1.000000];[-0.675253 -0.734416 -0.067870 79.739731 -0.410185 0.450407 -0.792979 269.621521 0.612980 -0.507628 -0.605376 1392.012085 0.000000 0.000000 0.000000 1.000000];
0.122077;[-0.735431 -0.674980 -0.058147 0.091448 -0.367773 0.469875 -0.802430 0.291873 0.568940 -0.568764 -0.593803 1.467656 0.000000 0.000000 0.000000 1.000000];[-0.684554 -0.725655 -0.068926 85.711784 -0.405146 0.457370 -0.791582 277.899597 0.605975 -0.513962 -0.607082 1394.278931 0.000000 0.000000 0.000000 1.000000];
0.118123;[-0.725729 -0.685075 -0.062236 0.096656 -0.372689 0.467573 -0.801524 0.299361 0.578209 -0.558492 -0.594667 1.467071 0.000000 0.000000 0.000000 1.000000];[-0.667087 -0.741447 -0.072048 91.195129 -0.413584 0.449048 -0.791984 283.425568 0.619602 -0.498530 -0.606196 1389.322632 0.000000 0.000000 0.000000 1.000000];
0.127141;[-0.720704 -0.690415 -0.061479 0.100870 -0.375793 0.463693 -0.802336 0.304288 0.582457 -0.555154 -0.593640 1.459422 0.000000 0.000000 0.000000 1.000000];[-0.718079 -0.691647 -0.077009 96.115852 -0.385179 0.487144 -0.783748 290.868378 0.579624 -0.533137 -0.616207 1393.758057 0.000000 0.000000 0.000000 1.000000];
0.118032;[-0.712737 -0.698936 -0.058150 0.105067 -0.384014 0.458221 -0.801577 0.310549 0.586884 -0.548989 -0.595009 1.458035 0.000000 0.000000 0.000000 1.000000];[-0.704321 -0.705596 -0.077516 100.572578 -0.392404 0.478003 -0.785789 297.308319 0.591536 -0.523036 -0.613538 1396.834229 0.000000 0.000000 0.000000 1.000000];
0.117635;[-0.706075 -0.705244 -0.063103 0.108882 -0.383121 0.455389 -0.803608 0.313949 0.595471 -0.543234 -0.591742 1.451466 0.000000 0.000000 0.000000 1.000000];[-0.686771 -0.722587 -0.078447 103.645668 -0.403402 0.468703 -0.785823 299.406494 0.604628 -0.508040 -0.613376 1383.104736 0.000000 0.000000 0.000000 1.000000];
0.119317;[-0.697623 -0.713340 -0.065870 0.112994 -0.389232 0.454638 -0.801116 0.318881 0.601413 -0.533237 -0.594847 1.450622 0.000000 0.000000 0.000000 1.000000];[-0.689396 -0.720089 -0.078391 107.351753 -0.402673 0.470934 -0.784862 303.654785 0.602122 -0.509520 -0.614612 1383.077759 0.000000 0.000000 0.000000 1.000000];
0.140675;[-0.687914 -0.722793 -0.064164 0.114270 -0.393204 0.445610 -0.804238 0.319224 0.609901 -0.528040 -0.590739 1.439574 0.000000 0.000000 0.000000 1.000000];[-0.630945 -0.771893 -0.077631 109.769524 -0.432953 0.433370 -0.790364 304.915405 0.643757 -0.465070 -0.607618 1373.774536 0.000000 0.000000 0.000000 1.000000];
0.134999;[-0.682851 -0.727459 -0.065840 0.117314 -0.396934 0.445271 -0.802586 0.320323 0.613171 -0.521937 -0.592791 1.435598 0.000000 0.000000 0.000000 1.000000];[-0.617146 -0.783153 -0.075755 111.172127 -0.442109 0.424793 -0.789953 305.889191 0.650872 -0.454029 -0.608389 1366.859009 0.000000 0.000000 0.000000 1.000000];
0.117952;[-0.676201 -0.733833 -0.063768 0.117795 -0.405199 0.442892 -0.799763 0.323448 0.615137 -0.514956 -0.596839 1.436591 0.000000 0.000000 0.000000 1.000000];[-0.601152 -0.795300 -0.077784 111.770454 -0.450954 0.417981 -0.788586 306.439301 0.659713 -0.438986 -0.609905 1359.669312 0.000000 0.000000 0.000000 1.000000];
0.126555;[-0.672246 -0.737364 -0.065062 0.117449 -0.405598 0.440403 -0.800947 0.323789 0.619244 -0.512051 -0.595133 1.429745 0.000000 0.000000 0.000000 1.000000];[-0.592936 -0.801828 -0.073710 110.787086 -0.459943 0.412391 -0.786334 306.829803 0.660940 -0.432347 -0.613309 1355.621338 0.000000 0.000000 0.000000 1.000000];
0.130506;[-0.665115 -0.743895 -0.063557 0.115707 -0.414361 0.438663 -0.797413 0.326139 0.621067 -0.504022 -0.600026 1.430819 0.000000 0.000000 0.000000 1.000000];[-0.578009 -0.812849 -0.071533 109.186981 -0.464867 0.400056 -0.789804 308.096466 0.670647 -0.423263 -0.609094 1353.570190 0.000000 0.000000 0.000000 1.000000];
0.117971;[-0.661083 -0.747547 -0.062951 0.113946 -0.415167 0.434465 -0.799292 0.326367 0.624863 -0.502263 -0.597581 1.426449 0.000000 0.000000 0.000000 1.000000];[-0.569095 -0.819401 -0.068168 106.824768 -0.470379 0.392431 -0.790365 308.327789 0.674417 -0.417731 -0.608751 1347.088989 0.000000 0.000000 0.000000 1.000000];
0.139882;[-0.656624 -0.751409 -0.063281 0.111693 -0.417375 0.432118 -0.799401 0.325630 0.628036 -0.498512 -0.597338 1.420302 0.000000 0.000000 0.000000 1.000000];[-0.571717 -0.817516 -0.068860 104.501350 -0.471175 0.395884 -0.788167 309.465088 0.671638 -0.418166 -0.611518 1346.571899 0.000000 0.000000 0.000000 1.000000];
0.127258;[-0.651742 -0.755777 -0.061711 0.106768 -0.422411 0.429332 -0.798240 0.325710 0.629815 -0.494190 -0.599035 1.418862 0.000000 0.000000 0.000000 1.000000];[-0.564607 -0.822710 -0.065588 101.075432 -0.474453 0.388562 -0.789842 309.658844 0.675335 -0.414835 -0.609713 1345.024048 0.000000 0.000000 0.000000 1.000000];
0.141988;[-0.647622 -0.759820 -0.055225 0.101452 -0.427656 0.422512 -0.799109 0.326553 0.630514 -0.493904 -0.598570 1.418076 0.000000 0.000000 0.000000 1.000000];[-0.551489 -0.831633 -0.064648 97.079964 -0.482229 0.381090 -0.788773 309.720734 0.680646 -0.403827 -0.611196 1343.444946 0.000000 0.000000 0.000000 1.000000];
0.128227;[-0.645465 -0.761280 -0.060219 0.098203 -0.428287 0.426160 -0.796838 0.327533 0.632275 -0.488537 -0.601135 1.419005 0.000000 0.000000 0.000000 1.000000];[-0.570639 -0.818654 -0.064110 92.162193 -0.481009 0.396504 -0.781890 308.844971 0.665556 -0.415342 -0.620032 1340.417603 0.000000 0.000000 0.000000 1.000000];
0.129080;[-0.645015 -0.761955 -0.056715 0.092969 -0.431046 0.424132 -0.796429 0.328099 0.630894 -0.489260 -0.602016 1.418920 0.000000 0.000000 0.000000 1.000000];[-0.587341 -0.806632 -0.065662 86.974937 -0.473174 0.408076 -0.780715 309.896912 0.656583 -0.427479 -0.621348 1340.367920 0.000000 0.000000 0.000000 1.000000];
0.124138;[-0.644800 -0.762193 -0.055386 0.086052 -0.430926 0.422444 -0.797382 0.327221 0.631170 -0.490300 -0.600827 1.414938 0.000000 0.000000 0.000000 1.000000];[-0.578929 -0.812757 -0.064825 81.106850 -0.476229 0.401596 -0.782216 309.743927 0.661824 -0.421979 -0.619545 1337.801514 0.000000 0.000000 0.000000 1.000000];
0.118436;[-0.643289 -0.763303 -0.057506 0.080270 -0.430167 0.422683 -0.797663 0.325948 0.633186 -0.488419 -0.600228 1.409815 0.000000 0.000000 0.000000 1.000000];[-0.575598 -0.815198 -0.063827 74.872849 -0.480063 0.400075 -0.780651 308.881622 0.661959 -0.418703 -0.621620 1331.191650 0.000000 0.000000 0.000000 1.000000];
0.117721;[-0.641744 -0.764386 -0.059442 0.074181 -0.429444 0.422598 -0.798102 0.326591 0.635219 -0.486681 -0.599421 1.408895 0.000000 0.000000 0.000000 1.000000];[-0.576617 -0.814510 -0.063409 69.401077 -0.482834 0.402348 -0.777768 308.169281 0.659051 -0.417861 -0.625265 1325.573364 0.000000 0.000000 0.000000 1.000000];
0.117591;[-0.642364 -0.764249 -0.055609 0.069082 -0.436561 0.424587 -0.793175 0.329072 0.629793 -0.485231 -0.606383 1.411746 0.000000 0.000000 0.000000 1.000000];[-0.573167 -0.816926 -0.063607 64.377190 -0.485474 0.401084 -0.776777 308.246399 0.660120 -0.414346 -0.626476 1323.077637 0.000000 0.000000 0.000000 1.000000];
0.134173;[-0.638126 -0.767523 -0.059035 0.063645 -0.432236 0.420728 -0.797589 0.326473 0.637025 -0.483468 -0.600203 1.403837 0.000000 0.000000 0.000000 1.000000];[-0.563611 -0.823213 -0.067801 60.238914 -0.488477 0.398360 -0.776296 307.191803 0.666105 -0.404412 -0.626632 1316.118164 0.000000 0.000000 0.000000 1.000000];
0.128745;[-0.641703 -0.764857 -0.054899 0.059524 -0.435742 0.422603 -0.794681 0.329087 0.631027 -0.486043 -0.604460 1.405654 0.000000 0.000000 0.000000 1.000000];[-0.542053 -0.837621 -0.067102 55.652588 -0.496481 0.383654 -0.778623 308.069122 0.677974 -0.388742 -0.623815 1313.552856 0.000000 0.000000 0.000000 1.000000];
0.126801;[-0.640048 -0.766060 -0.057946 0.055440 -0.436520 0.424729 -0.793125 0.330821 0.632198 -0.482345 -0.606248 1.402137 0.000000 0.000000 0.000000 1.000000];[-0.561859 -0.824389 -0.068057 51.391655 -0.490956 0.398546 -0.774635 309.110687 0.665763 -0.401825 -0.628657 1308.658691 0.000000 0.000000 0.000000 1.000000];
0.118231;[-0.639334 -0.766644 -0.057484 0.050001 -0.435241 0.422498 -0.795007 0.331189 0.633794 -0.483262 -0.603773 1.395280 0.000000 0.000000 0.000000 1.000000];[-0.566619 -0.821193 -0.067217 47.274151 -0.492261 0.402803 -0.771599 310.371521 0.660746 -0.404117 -0.632469 1305.774780 0.000000 0.000000 0.000000 1.000000];
0.117697;[-0.638037 -0.767373 -0.062275 0.046999 -0.433650 0.425057 -0.794509 0.333731 0.636152 -0.479922 -0.603986 1.396122 0.000000 0.000000 0.000000 1.000000];[-0.572477 -0.817162 -0.066713 43.177299 -0.488144 0.405075 -0.773024 311.738525 0.658748 -0.409976 -0.630780 1302.598755 0.000000 0.000000 0.000000 1.000000];
0.137597;[-0.639724 -0.766417 -0.056253 0.042321 -0.437491 0.423414 -0.793274 0.334604 0.631798 -0.482873 -0.606163 1.392472 0.000000 0.000000 0.000000 1.000000];[-0.576723 -0.814225 -0.066046 39.141991 -0.486971 0.407570 -0.772452 313.939819 0.655907 -0.413331 -0.631551 1304.931396 0.000000 0.000000 0.000000 1.000000];
0.118341;[-0.637287 -0.767977 -0.062671 0.037441 -0.435135 0.425832 -0.793292 0.336494 0.635924 -0.478284 -0.605550 1.393283 0.000000 0.000000 0.000000 1.000000];[-0.562093 -0.824611 -0.063260 35.172092 -0.492307 0.395064 -0.775561 315.463409 0.664567 -0.404797 -0.628016 1303.695557 0.000000 0.000000 0.000000 1.000000];
0.126953;[-0.638451 -0.767008 -0.062357 0.034281 -0.434149 0.425986 -0.793742 0.338112 0.635368 -0.479685 -0.604978 1.391416 0.000000 0.000000 0.000000 1.000000];[-0.561942 -0.824980 -0.059695 30.737915 -0.492108 0.391452 -0.777516 317.078217 0.664842 -0.407545 -0.625944 1303.904541 0.000000 0.000000 0.000000 1.000000];
0.138819;[-0.636865 -0.767938 -0.065916 0.029066 -0.431714 0.426333 -0.794870 0.336808 0.638545 -0.477801 -0.603009 1.384580 0.000000 0.000000 0.000000 1.000000];[-0.560921 -0.825602 -0.060672 26.470190 -0.489767 0.390039 -0.779701 318.114319 0.667427 -0.407638 -0.623126 1302.701660 0.000000 0.000000 0.000000 1.000000];
0.128930;[-0.638551 -0.766847 -0.063186 0.024671 -0.434154 0.426869 -0.793272 0.339504 0.635308 -0.479126 -0.605489 1.383820 0.000000 0.000000 0.000000 1.000000];[-0.565452 -0.822471 -0.061146 22.109768 -0.489042 0.394056 -0.778135 320.177032 0.664127 -0.410098 -0.625034 1303.380371 0.000000 0.000000 0.000000 1.000000];
0.121170;[-0.636926 -0.768024 -0.065400 0.020415 -0.433040 0.426734 -0.793953 0.340472 0.637696 -0.477379 -0.604368 1.382092 0.000000 0.000000 0.000000 1.000000];[-0.569317 -0.819743 -0.061916 18.544630 -0.488328 0.397798 -0.776678 321.892578 0.661345 -0.411943 -0.626768 1303.514526 0.000000 0.000000 0.000000 1.000000];
0.127230;[-0.637398 -0.767906 -0.061829 0.016819 -0.433484 0.423881 -0.795241 0.342518 0.636888 -0.480096 -0.603040 1.379532 0.000000 0.000000 0.000000 1.000000];[-0.574266 -0.816289 -0.061850 15.229965 -0.487045 0.401396 -0.775632 323.929260 0.658004 -0.415298 -0.628070 1303.982300 0.000000 0.000000 0.000000 1.000000];
0.126389;[-0.635882 -0.769059 -0.062977 0.013229 -0.433540 0.423616 -0.795344 0.343491 0.638366 -0.478473 -0.602764 1.375437 0.000000 0.000000 0.000000 1.000000];[-0.573439 -0.817113 -0.058553 11.499860 -0.487461 0.397776 -0.777234 325.829163 0.658417 -0.417156 -0.626403 1302.314697 0.000000 0.000000 0.000000 1.000000];
0.127819;[-0.635645 -0.769260 -0.062456 0.009684 -0.435976 0.424729 -0.793410 0.346465 0.636890 -0.477118 -0.605338 1.375899 0.000000 0.000000 0.000000 1.000000];[-0.583595 -0.810010 -0.056875 7.590630 -0.485704 0.404339 -0.774944 327.350830 0.650747 -0.424632 -0.629387 1300.635620 0.000000 0.000000 0.000000 1.000000];
0.126865;[-0.634744 -0.770217 -0.059374 0.004978 -0.437259 0.421581 -0.794377 0.347172 0.636915 -0.478294 -0.604339 1.373021 0.000000 0.000000 0.000000 1.000000];[-0.595386 -0.801413 -0.056453 3.639038 -0.478843 0.410393 -0.776030 328.882690 0.645126 -0.435008 -0.628086 1299.194946 0.000000 0.000000 0.000000 1.000000];
0.125924;[-0.631892 -0.772431 -0.062938 0.000737 -0.438646 0.423440 -0.792639 0.347787 0.638925 -0.473273 -0.606376 1.371490 0.000000 0.000000 0.000000 1.000000];[-0.591787 -0.804341 -0.052511 -0.943437 -0.479426 0.403592 -0.779230 331.523132 0.647998 -0.435967 -0.624455 1304.678467 0.000000 0.000000 0.000000 1.000000];
0.136677;[-0.629321 -0.774737 -0.059768 -0.004266 -0.437953 0.417247 -0.796294 0.348756 0.641856 -0.474949 -0.601881 1.368136 0.000000 0.000000 0.000000 1.000000];[-0.587364 -0.807610 -0.051994 -5.495778 -0.481070 0.400081 -0.780027 332.210938 0.650798 -0.433150 -0.623502 1303.211060 0.000000 0.000000 0.000000 1.000000];
0.135889;[-0.628977 -0.775184 -0.056411 -0.009741 -0.440219 0.415162 -0.796136 0.349092 0.640595 -0.475939 -0.602350 1.367588 0.000000 0.000000 0.000000 1.000000];[-0.587687 -0.807414 -0.051390 -10.254459 -0.481713 0.400225 -0.779557 331.719635 0.650030 -0.433383 -0.624141 1299.140381 0.000000 0.000000 0.000000 1.000000];
0.134967;[-0.626013 -0.777468 -0.058726 -0.014568 -0.441091 0.415346 -0.795534 0.349654 0.642915 -0.472149 -0.602917 1.367763 0.000000 0.000000 0.000000 1.000000];[-0.593576 -0.803185 -0.049949 -14.893676 -0.477589 0.401534 -0.781418 333.946106 0.647718 -0.439979 -0.621926 1303.007324 0.000000 0.000000 0.000000 1.000000];
0.143342;[-0.624793 -0.778492 -0.057832 -0.019537 -0.440122 0.412515 -0.797561 0.349459 0.644770 -0.472880 -0.600341 1.364935 0.000000 0.000000 0.000000 1.000000];[-0.581313 -0.812214 -0.048136 -19.472698 -0.486306 0.394255 -0.779747 332.722809 0.652337 -0.429871 -0.624163 1297.344604 0.000000 0.000000 0.000000 1.000000];
0.121287;[-0.624583 -0.779122 -0.050927 -0.024283 -0.445201 0.409027 -0.796527 0.350430 0.641456 -0.474875 -0.602295 1.365460 0.000000 0.000000 0.000000 1.000000];[-0.575879 -0.816275 -0.044638 -24.151524 -0.488201 0.387181 -0.782104 333.609528 0.655733 -0.428608 -0.621468 1296.153320 0.000000 0.000000 0.000000 1.000000];
0.140299;[-0.622447 -0.781005 -0.047989 -0.028770 -0.448177 0.406151 -0.796348 0.352707 0.641458 -0.474192 -0.602818 1.365933 0.000000 0.000000 0.000000 1.000000];[-0.574752 -0.817232 -0.041538 -28.269655 -0.489823 0.384249 -0.782536 334.643066 0.655512 -0.429420 -0.621140 1296.866699 0.000000 0.000000 0.000000 1.000000];
0.119066;[-0.621305 -0.782151 -0.045795 -0.032944 -0.449400 0.403665 -0.796920 0.354550 0.641795 -0.474550 -0.602312 1.367482 0.000000 0.000000 0.000000 1.000000];[-0.573357 -0.818423 -0.037148 -32.649349 -0.489265 0.378413 -0.785722 335.689941 0.657148 -0.432327 -0.617383 1295.712891 0.000000 0.000000 0.000000 1.000000];
0.118485;[-0.619112 -0.784121 -0.040274 -0.037267 -0.450360 0.396679 -0.799863 0.352487 0.643205 -0.477100 -0.598687 1.361575 0.000000 0.000000 0.000000 1.000000];[-0.570382 -0.820641 -0.033856 -36.575394 -0.493374 0.375277 -0.784656 336.358002 0.656665 -0.430853 -0.618926 1295.574463 0.000000 0.000000 0.000000 1.000000];
0.144413;[-0.614370 -0.787800 -0.041444 -0.040346 -0.453825 0.395953 -0.798271 0.353351 0.645317 -0.471659 -0.600753 1.362396 0.000000 0.000000 0.000000 1.000000];[-0.583527 -0.811341 -0.034013 -39.160206 -0.486147 0.382566 -0.785647 337.259247 0.650477 -0.441914 -0.617660 1296.317017 0.000000 0.000000 0.000000 1.000000];
0.120494;[-0.612047 -0.789634 -0.041487 -0.040692 -0.457470 0.396440 -0.795946 0.355089 0.644966 -0.468186 -0.603860 1.360434 0.000000 0.000000 0.000000 1.000000];[-0.592210 -0.805006 -0.034485 -40.161255 -0.486684 0.391473 -0.780912 336.763245 0.642175 -0.445683 -0.623609 1291.504028 0.000000 0.000000 0.000000 1.000000];
0.118689;[-0.605975 -0.794397 -0.039664 -0.042515 -0.460226 0.390930 -0.797077 0.356725 0.648717 -0.464781 -0.602481 1.361146 0.000000 0.000000 0.000000 1.000000];[-0.576798 -0.816270 -0.030700 -41.013317 -0.492554 0.377528 -0.784092 340.817291 0.651658 -0.437144 -0.619806 1299.466064 0.000000 0.000000 0.000000 1.000000];
0.128434;[-0.601996 -0.797432 -0.039320 -0.042196 -0.462381 0.388399 -0.797072 0.358744 0.650908 -0.461677 -0.602516 1.361740 0.000000 0.000000 0.000000 1.000000];[-0.575870 -0.816941 -0.030248 -40.916080 -0.495726 0.378372 -0.781682 341.582367 0.650070 -0.435155 -0.622865 1296.364380 0.000000 0.000000 0.000000 1.000000];
0.120033;[-0.598795 -0.799826 -0.039621 -0.041294 -0.462929 0.386196 -0.797808 0.359024 0.653418 -0.459410 -0.601496 1.359709 0.000000 0.000000 0.000000 1.000000];[-0.576719 -0.816362 -0.029711 -40.953247 -0.495347 0.378382 -0.781917 343.255127 0.649607 -0.436232 -0.622594 1297.630737 0.000000 0.000000 0.000000 1.000000];
0.128682;[-0.595804 -0.802373 -0.032273 -0.042210 -0.471631 0.382183 -0.794640 0.362578 0.649935 -0.458224 -0.606131 1.365180 0.000000 0.000000 0.000000 1.000000];[-0.579976 -0.814066 -0.029315 -41.365864 -0.497388 0.382388 -0.778666 344.192902 0.645132 -0.437029 -0.626674 1298.704224 0.000000 0.000000 0.000000 1.000000];
0.136838;[-0.588306 -0.807868 -0.033624 -0.041488 -0.469790 0.375488 -0.798878 0.361754 0.658015 -0.454189 -0.600429 1.360656 0.000000 0.000000 0.000000 1.000000];[-0.581686 -0.812831 -0.029721 -41.669796 -0.494478 0.382390 -0.780517 346.872620 0.645830 -0.439321 -0.624349 1304.565308 0.000000 0.000000 0.000000 1.000000];
0.138275;[-0.583726 -0.811271 -0.029423 -0.042222 -0.473287 0.369563 -0.799605 0.361456 0.659589 -0.452846 -0.599661 1.360777 0.000000 0.000000 0.000000 1.000000];[-0.567926 -0.822568 -0.027870 -41.708042 -0.501025 0.372379 -0.781181 347.426544 0.652990 -0.429692 -0.623603 1305.589478 0.000000 0.000000 0.000000 1.000000];
0.119952;[-0.574532 -0.817864 -0.028911 -0.043583 -0.483817 0.367945 -0.794058 0.364269 0.660078 -0.442225 -0.607090 1.366236 0.000000 0.000000 0.000000 1.000000];[-0.562947 -0.826075 -0.024990 -41.611877 -0.503173 0.366559 -0.782553 348.427429 0.655645 -0.427964 -0.622003 1307.447998 0.000000 0.000000 0.000000 1.000000];
0.128131;[-0.566931 -0.823120 -0.028857 -0.042228 -0.483791 0.361158 -0.797163 0.362015 0.666635 -0.437999 -0.602935 1.359402 0.000000 0.000000 0.000000 1.000000];[-0.564330 -0.825184 -0.023208 -41.004433 -0.505368 0.367556 -0.780668 349.220703 0.652762 -0.428828 -0.624436 1309.195312 0.000000 0.000000 0.000000 1.000000];
0.131867;[-0.557996 -0.829450 -0.022227 -0.041588 -0.491296 0.351860 -0.796743 0.364580 0.668683 -0.433655 -0.603844 1.361969 0.000000 0.000000 0.000000 1.000000];[-0.547180 -0.836698 -0.021531 -39.616230 -0.514764 0.356692 -0.779568 349.135406 0.659981 -0.415482 -0.625869 1306.985474 0.000000 0.000000 0.000000 1.000000];
0.123157;[-0.551233 -0.833947 -0.022670 -0.039923 -0.492334 0.347163 -0.798166 0.363714 0.673507 -0.428818 -0.601941 1.359456 0.000000 0.000000 0.000000 1.000000];[-0.549821 -0.835008 -0.019793 -38.312107 -0.514556 0.357279 -0.779436 349.842804 0.657945 -0.418368 -0.626090 1308.242432 0.000000 0.000000 0.000000 1.000000];
0.135837;[-0.541692 -0.840103 -0.024562 -0.038384 -0.493872 0.341887 -0.799474 0.362645 0.680071 -0.420977 -0.600070 1.358399 0.000000 0.000000 0.000000 1.000000];[-0.539711 -0.841594 -0.019123 -37.076748 -0.517356 0.349516 -0.781101 350.320251 0.664092 -0.411677 -0.624033 1308.127319 0.000000 0.000000 0.000000 1.000000];
0.118159;[-0.535329 -0.844364 -0.016811 -0.037497 -0.503141 0.334920 -0.796622 0.364167 0.678306 -0.418038 -0.604092 1.363060 0.000000 0.000000 0.000000 1.000000];[-0.535338 -0.844395 -0.018548 -36.401447 -0.521028 0.347439 -0.779585 350.144226 0.664761 -0.407679 -0.625942 1307.671143 0.000000 0.000000 0.000000 1.000000];
0.128127;[-0.527671 -0.849170 -0.018683 -0.036170 -0.504825 0.331303 -0.797092 0.365073 0.683065 -0.411190 -0.603486 1.362985 0.000000 0.000000 0.000000 1.000000];[-0.526648 -0.849879 -0.016742 -35.270653 -0.523036 0.339500 -0.781736 351.149536 0.670104 -0.402945 -0.623306 1309.816162 0.000000 0.000000 0.000000 1.000000];
0.124347;[-0.519741 -0.854104 -0.016350 -0.035348 -0.509247 0.325155 -0.796816 0.365782 0.685903 -0.405816 -0.603943 1.365776 0.000000 0.000000 0.000000 1.000000];[-0.520180 -0.853888 -0.014872 -33.581715 -0.528318 0.335419 -0.779944 350.628143 0.671012 -0.397855 -0.625594 1308.965698 0.000000 0.000000 0.000000 1.000000];
0.117561;[-0.512578 -0.858409 -0.015294 -0.031638 -0.512210 0.320125 -0.796932 0.365207 0.689007 -0.400660 -0.603765 1.363406 0.000000 0.000000 0.000000 1.000000];[-0.511094 -0.859355 -0.014985 -30.681032 -0.530579 0.329167 -0.781072 350.681976 0.676190 -0.391251 -0.624183 1309.450195 0.000000 0.000000 0.000000 1.000000];
0.117713;[-0.499094 -0.866318 -0.014775 -0.028498 -0.516266 0.311152 -0.797851 0.364640 0.695815 -0.390627 -0.602515 1.365451 0.000000 0.000000 0.000000 1.000000];[-0.501405 -0.865036 -0.015452 -27.813213 -0.533861 0.323390 -0.781249 350.820587 0.680844 -0.383474 -0.623949 1310.987671 0.000000 0.000000 0.000000 1.000000];
0.141130;[-0.488977 -0.872104 -0.012943 -0.026725 -0.522155 0.304643 -0.796571 0.366096 0.698651 -0.382765 -0.604318 1.368875 0.000000 0.000000 0.000000 1.000000];[-0.495518 -0.868429 -0.014975 -25.303267 -0.536859 0.319778 -0.780681 350.252899 0.682795 -0.378803 -0.624671 1309.643188 0.000000 0.000000 0.000000 1.000000];
0.148043;[-0.479468 -0.877344 -0.016177 -0.024134 -0.523298 0.300741 -0.797296 0.365530 0.704381 -0.373832 -0.603294 1.368954 0.000000 0.000000 0.000000 1.000000];[-0.480975 -0.876606 -0.012510 -23.736759 -0.543913 0.309554 -0.779919 350.168549 0.687594 -0.368318 -0.625677 1310.805664 0.000000 0.000000 0.000000 1.000000];
0.129851;[-0.471044 -0.881907 -0.014030 -0.022790 -0.525917 0.293645 -0.798219 0.363737 0.708109 -0.368652 -0.602100 1.366668 0.000000 0.000000 0.000000 1.000000];[-0.465018 -0.885141 -0.014615 -22.427578 -0.547256 0.300396 -0.781161 349.915405 0.695869 -0.355256 -0.624080 1311.461914 0.000000 0.000000 0.000000 1.000000];
0.129080;[-0.463609 -0.885865 -0.010238 -0.022014 -0.531145 0.287278 -0.797057 0.364430 0.709045 -0.364117 -0.603680 1.368972 0.000000 0.000000 0.000000 1.000000];[-0.461479 -0.886981 -0.015279 -21.392365 -0.547634 0.298380 -0.781668 349.999176 0.697924 -0.352356 -0.623428 1312.950928 0.000000 0.000000 0.000000 1.000000];
0.127179;[-0.453146 -0.891250 -0.010510 -0.021114 -0.535119 0.281574 -0.796423 0.363909 0.712799 -0.355314 -0.604485 1.369816 0.000000 0.000000 0.000000 1.000000];[-0.446970 -0.894316 -0.018606 -19.744902 -0.553811 0.292995 -0.779350 348.804810 0.702478 -0.338042 -0.626234 1310.760132 0.000000 0.000000 0.000000 1.000000];
0.122751;[-0.437634 -0.898933 -0.019499 -0.020034 -0.534448 0.277505 -0.798340 0.363031 0.723077 -0.338963 -0.601878 1.369499 0.000000 0.000000 0.000000 1.000000];[-0.437198 -0.899178 -0.016348 -18.993383 -0.554076 0.283624 -0.782622 349.165253 0.708394 -0.333102 -0.622204 1314.276367 0.000000 0.000000 0.000000 1.000000];
0.117492;[-0.426758 -0.904156 -0.019128 -0.018849 -0.532114 0.268143 -0.803088 0.361247 0.731251 -0.332548 -0.595543 1.365173 0.000000 0.000000 0.000000 1.000000];[-0.427375 -0.903904 -0.015433 -18.244514 -0.561807 0.278918 -0.778792 347.349701 0.708299 -0.324165 -0.627014 1308.841919 0.000000 0.000000 0.000000 1.000000];
0.125170;[-0.417354 -0.908570 -0.017584 -0.019297 -0.541894 0.264364 -0.797783 0.363364 0.729492 -0.323434 -0.602681 1.372555 0.000000 0.000000 0.000000 1.000000];[-0.414276 -0.909969 -0.016125 -17.682016 -0.564003 0.270588 -0.780142 347.392670 0.714311 -0.314099 -0.625316 1311.432739 0.000000 0.000000 0.000000 1.000000];
0.136912;[-0.409721 -0.912046 -0.017162 -0.019087 -0.541299 0.258226 -0.800190 0.361160 0.734249 -0.318562 -0.599494 1.370896 0.000000 0.000000 0.000000 1.000000];[-0.404745 -0.914243 -0.016407 -18.075533 -0.566513 0.264799 -0.780310 345.371674 0.717780 -0.306531 -0.625099 1306.558472 0.000000 0.000000 0.000000 1.000000];
0.145373;[-0.455802 -0.877993 -0.072094 0.003920 -0.571082 0.260445 -0.289652 0.370094 0.314668 -0.027969 -0.619230 1.566041 0.000000 0.000000 0.000000 1.000000];[-0.391162 -0.920140 -0.016211 -19.297476 -0.567377 0.254987 -0.782946 344.319519 0.724596 -0.297059 -0.621800 1305.923828 0.000000 0.000000 0.000000 1.000000];
0.127248;[-0.449230 -0.881357 -0.072040 0.002144 -0.571917 0.255764 -0.289408 0.367786 0.314813 -0.025237 -0.618093 1.561894 0.000000 0.000000 0.000000 1.000000];[-0.381866 -0.924036 -0.016237 -21.062813 -0.570840 0.249643 -0.782150 343.054199 0.726832 -0.289406 -0.622799 1306.752075 0.000000 0.000000 0.000000 1.000000];
0.127214;[-0.381232 -0.924313 -0.017244 -0.025609 -0.554821 0.243673 -0.795478 0.359118 0.739483 -0.293692 -0.605725 1.377887 0.000000 0.000000 0.000000 1.000000];[-0.377178 -0.925978 -0.015141 -23.032391 -0.569955 0.244979 -0.784268 340.799194 0.729967 -0.287178 -0.620158 1303.595215 0.000000 0.000000 0.000000 1.000000];
0.127621;[-0.373181 -0.927553 -0.019486 -0.027395 -0.552096 0.238908 -0.798818 0.355675 0.745602 -0.287346 -0.601254 1.374194 0.000000 0.000000 0.000000 1.000000];[-0.368388 -0.929525 -0.014100 -25.215044 -0.575529 0.239946 -0.781749 338.944977 0.730083 -0.279871 -0.623355 1303.156128 0.000000 0.000000 0.000000 1.000000];
0.133907;[-0.366142 -0.930358 -0.019331 -0.029667 -0.553032 0.234258 -0.799549 0.353911 0.748395 -0.282057 -0.600290 1.373237 0.000000 0.000000 0.000000 1.000000];[-0.360496 -0.932609 -0.014463 -27.519125 -0.577420 0.235319 -0.781761 337.601929 0.732525 -0.273469 -0.623331 1302.686768 0.000000 0.000000 0.000000 1.000000];
0.121553;[-0.361095 -0.932379 -0.016688 -0.031934 -0.555429 0.229414 -0.799292 0.353371 0.749072 -0.279352 -0.600711 1.375549 0.000000 0.000000 0.000000 1.000000];[-0.357697 -0.933667 -0.015616 -29.700346 -0.584867 0.237038 -0.775682 334.492188 0.727975 -0.268324 -0.630852 1298.214233 0.000000 0.000000 0.000000 1.000000];
0.127767;[-0.354534 -0.934907 -0.015889 -0.034852 -0.559232 0.225627 -0.797712 0.352203 0.749374 -0.273928 -0.602822 1.379273 0.000000 0.000000 0.000000 1.000000];[-0.352937 -0.935522 -0.012665 -32.296913 -0.584959 0.231203 -0.777372 333.783691 0.730220 -0.266953 -0.628835 1301.370850 0.000000 0.000000 0.000000 1.000000];
0.117787;[-0.346215 -0.938072 -0.011400 -0.038232 -0.566105 0.218576 -0.794816 0.351826 0.748100 -0.268721 -0.606716 1.382779 0.000000 0.000000 0.000000 1.000000];[-0.338165 -0.940999 -0.009517 -35.199718 -0.596813 0.222268 -0.770942 329.928192 0.727614 -0.255023 -0.636757 1296.323608 0.000000 0.000000 0.000000 1.000000];
0.132914;[-0.339729 -0.940348 -0.017212 -0.041349 -0.565860 0.218987 -0.794885 0.347311 0.751247 -0.260310 -0.606496 1.380245 0.000000 0.000000 0.000000 1.000000];[-0.340191 -0.940250 -0.011170 -38.020657 -0.594749 0.224352 -0.771932 327.445496 0.728359 -0.255959 -0.635529 1297.941650 0.000000 0.000000 0.000000 1.000000];
0.118425;[-0.332410 -0.943051 -0.008938 -0.036036 -0.593535 0.216692 -0.773578 0.351934 0.731398 -0.252224 -0.631791 1.425056 0.000000 0.000000 0.000000 1.000000];[-0.331010 -0.943548 -0.008656 -41.048000 -0.604506 0.219091 -0.765841 321.849731 0.724547 -0.248266 -0.642895 1288.471313 0.000000 0.000000 0.000000 1.000000];
0.125879;[-0.326835 -0.945024 -0.006944 -0.040672 -0.592435 0.210516 -0.776568 0.346729 0.735278 -0.249974 -0.628714 1.419897 0.000000 0.000000 0.000000 1.000000];[-0.323392 -0.946172 -0.010052 -44.251583 -0.602452 0.214077 -0.768871 318.028870 0.729680 -0.242588 -0.639247 1288.532593 0.000000 0.000000 0.000000 1.000000];
0.116759;[-0.324336 -0.945867 -0.011601 -0.050493 -0.571151 0.205588 -0.794680 0.333897 0.754048 -0.251116 -0.606911 1.375913 0.000000 0.000000 0.000000 1.000000];[-0.312171 -0.949928 -0.010535 -47.265469 -0.605936 0.207640 -0.767898 314.436249 0.731679 -0.233329 -0.640408 1290.844971 0.000000 0.000000 0.000000 1.000000];
0.126137;[-0.319147 -0.947611 -0.012979 -0.054475 -0.576951 0.205153 -0.790577 0.330835 0.751825 -0.244833 -0.612197 1.382407 0.000000 0.000000 0.000000 1.000000];[-0.318062 -0.947979 -0.009864 -49.899734 -0.606005 0.211300 -0.766845 309.615936 0.729080 -0.237923 -0.641680 1288.500000 0.000000 0.000000 0.000000 1.000000];
0.116943;[-0.318516 -0.947852 -0.006197 -0.046035 -0.582231 0.200856 -0.787797 0.335948 0.747971 -0.247332 -0.615837 1.419059 0.000000 0.000000 0.000000 1.000000];[-0.309688 -0.950732 -0.011203 -51.848320 -0.609414 0.207522 -0.765173 304.559937 0.729843 -0.230135 -0.643650 1285.153687 0.000000 0.000000 0.000000 1.000000];
0.118308;[-0.373451 -0.910402 -0.068351 -0.029801 -0.609964 0.213274 -0.419974 0.334573 0.442717 -0.044712 -0.634697 1.529400 0.000000 0.000000 0.000000 1.000000];[-0.297192 -0.954712 -0.011221 -54.682487 -0.608720 0.198513 -0.768110 301.197571 0.735595 -0.221442 -0.640142 1286.648071 0.000000 0.000000 0.000000 1.000000];
0.117011;[-0.356207 -0.920731 -0.060522 -0.038239 -0.601935 0.210680 -0.493121 0.324396 0.504588 -0.079240 -0.628855 1.490071 0.000000 0.000000 0.000000 1.000000];[-0.302284 -0.953116 -0.010887 -56.263779 -0.610243 0.202287 -0.765914 294.736938 0.732251 -0.224876 -0.642774 1275.424072 0.000000 0.000000 0.000000 1.000000];
0.119262;[-0.349366 -0.923771 -0.059661 -0.040899 -0.606135 0.208441 -0.489777 0.320094 0.501564 -0.075219 -0.632575 1.487134 0.000000 0.000000 0.000000 1.000000];[-0.292474 -0.956158 -0.012013 -57.303616 -0.616955 0.198283 -0.761572 289.218384 0.730609 -0.215325 -0.647893 1267.989990 0.000000 0.000000 0.000000 1.000000];
0.134179;[-0.346217 -0.925360 -0.056636 -0.042336 -0.606756 0.204356 -0.490628 0.316566 0.501490 -0.076417 -0.632102 1.485339 0.000000 0.000000 0.000000 1.000000];[-0.290734 -0.956656 -0.014379 -58.615463 -0.612898 0.197759 -0.764975 285.866608 0.734706 -0.213588 -0.643822 1267.836304 0.000000 0.000000 0.000000 1.000000];
0.145096;[-0.331369 -0.932369 -0.052636 -0.045579 -0.613575 0.202777 -0.531945 0.314968 0.537591 -0.092463 -0.639206 1.482550 0.000000 0.000000 0.000000 1.000000];[-0.289717 -0.956984 -0.012983 -59.968513 -0.614383 0.196363 -0.764144 282.303619 0.733867 -0.213405 -0.644838 1265.438354 0.000000 0.000000 0.000000 1.000000];
0.133816;[-0.333895 -0.930630 -0.056522 -0.045135 -0.613839 0.200010 -0.487689 0.310225 0.498655 -0.070572 -0.637998 1.486327 0.000000 0.000000 0.000000 1.000000];[-0.277244 -0.960659 -0.013878 -60.139050 -0.620710 0.190122 -0.760601 278.739044 0.733361 -0.202254 -0.648995 1262.190918 0.000000 0.000000 0.000000 1.000000];
0.128190;[-0.320199 -0.936715 -0.051870 -0.046159 -0.615485 0.196309 -0.531763 0.308550 0.537916 -0.087063 -0.639415 1.477665 0.000000 0.000000 0.000000 1.000000];[-0.274956 -0.961246 -0.018130 -59.120583 -0.622953 0.192488 -0.758168 276.191284 0.732319 -0.197165 -0.651731 1259.202759 0.000000 0.000000 0.000000 1.000000];
0.118413;[-0.318328 -0.936796 -0.037854 -0.047457 -0.615747 0.183593 -0.537582 0.299922 0.540949 -0.097301 -0.635411 1.452897 0.000000 0.000000 0.000000 1.000000];[-0.273526 -0.961575 -0.021910 -56.858330 -0.618272 0.193228 -0.761802 274.183960 0.736808 -0.194822 -0.647362 1256.220947 0.000000 0.000000 0.000000 1.000000];
0.118350;[-0.307715 -0.940535 -0.058409 -0.042171 -0.619856 0.193677 -0.531529 0.305355 0.540265 -0.075608 -0.642467 1.475220 0.000000 0.000000 0.000000 1.000000];[-0.272005 -0.961985 -0.022787 -54.609207 -0.621483 0.193706 -0.759064 270.956299 0.734667 -0.192303 -0.650541 1250.294067 0.000000 0.000000 0.000000 1.000000];
0.142819;[-0.310993 -0.937952 -0.066325 -0.038448 -0.616095 0.192421 -0.488376 0.300910 0.503588 -0.051093 -0.637520 1.478756 0.000000 0.000000 0.000000 1.000000];[-0.260167 -0.965102 -0.028513 -52.734352 -0.617441 0.189004 -0.763534 268.644836 0.742323 -0.181037 -0.645060 1247.506592 0.000000 0.000000 0.000000 1.000000];
0.117767;[-0.260100 -0.965171 -0.026263 -0.055955 -0.604677 0.184068 -0.774816 0.293119 0.752703 -0.185648 -0.631494 1.383549 0.000000 0.000000 0.000000 1.000000];[-0.253167 -0.966983 -0.027775 -52.212574 -0.622994 0.184936 -0.760011 264.220337 0.740100 -0.175102 -0.649239 1237.888184 0.000000 0.000000 0.000000 1.000000];
0.124078;[-0.266320 -0.963303 -0.014327 -0.053562 -0.602482 0.178174 -0.777946 0.286596 0.752067 -0.198583 -0.627737 1.368783 0.000000 0.000000 0.000000 1.000000];[-0.249222 -0.967944 -0.029906 -52.909695 -0.627428 0.184915 -0.756360 260.647217 0.737689 -0.169733 -0.653395 1233.240234 0.000000 0.000000 0.000000 1.000000];
0.120214;[-0.262353 -0.964358 -0.013485 -0.057416 -0.604846 0.175558 -0.776679 0.283393 0.751538 -0.195698 -0.629224 1.368665 0.000000 0.000000 0.000000 1.000000];[-0.246056 -0.968738 -0.030382 -55.535156 -0.626053 0.182788 -0.758016 257.394257 0.739917 -0.167489 -0.651452 1229.226196 0.000000 0.000000 0.000000 1.000000];
0.124685;[-0.288324 -0.947950 -0.058022 -0.049497 -0.619436 0.183489 -0.530565 0.286351 0.539337 -0.066674 -0.640014 1.451554 0.000000 0.000000 0.000000 1.000000];[-0.237291 -0.971060 -0.025647 -59.596085 -0.633370 0.174681 -0.753837 254.644226 0.736545 -0.162629 -0.656485 1228.783936 0.000000 0.000000 0.000000 1.000000];
0.125857;[-0.255743 -0.966164 -0.014919 -0.068195 -0.606521 0.172461 -0.776102 0.276290 0.752507 -0.189453 -0.630037 1.356636 0.000000 0.000000 0.000000 1.000000];[-0.239133 -0.970685 -0.022542 -64.191025 -0.637170 0.174402 -0.750693 250.803528 0.732662 -0.165147 -0.660191 1221.422852 0.000000 0.000000 0.000000 1.000000];
0.121919;[-0.252313 -0.967125 -0.018768 -0.072556 -0.606750 0.173388 -0.775701 0.275300 0.753527 -0.184364 -0.630516 1.359059 0.000000 0.000000 0.000000 1.000000];[-0.224968 -0.974073 -0.022201 -68.609482 -0.639290 0.164766 -0.751068 248.965363 0.735297 -0.154767 -0.659776 1218.463379 0.000000 0.000000 0.000000 1.000000];
0.117608;[-0.248637 -0.968244 -0.014596 -0.078768 -0.607332 0.167751 -0.776482 0.270641 0.754315 -0.184212 -0.629731 1.348692 0.000000 0.000000 0.000000 1.000000];[-0.226274 -0.973811 -0.020312 -73.259026 -0.641328 0.164648 -0.749354 246.022766 0.733118 -0.156527 -0.661782 1210.953369 0.000000 0.000000 0.000000 1.000000];
0.129006;[-0.210178 -0.830688 -0.015392 -0.072364 -0.521845 0.144386 -0.664430 0.230976 0.646543 -0.153575 -0.541132 1.157269 0.000000 -0.000000 0.000000 0.857143];[-0.219752 -0.975320 -0.019502 -77.876892 -0.644512 0.160165 -0.747592 243.413528 0.732309 -0.151710 -0.663797 1206.649170 0.000000 0.000000 0.000000 1.000000];
0.134192;[-0.243714 -0.969495 -0.016100 -0.089451 -0.609576 0.166196 -0.775027 0.268007 0.754110 -0.179096 -0.631477 1.346582 0.000000 0.000000 0.000000 1.000000];[-0.214925 -0.976447 -0.016684 -82.641296 -0.651370 0.156059 -0.742500 241.185425 0.727659 -0.148709 -0.669564 1202.349121 0.000000 0.000000 0.000000 1.000000];
0.146782;[-0.240494 -0.970354 -0.016235 -0.095520 -0.610728 0.164401 -0.774549 0.265645 0.754292 -0.176378 -0.632141 1.343200 0.000000 0.000000 0.000000 1.000000];[-0.217225 -0.975971 -0.014673 -87.727272 -0.650308 0.155919 -0.743460 239.481750 0.727926 -0.151950 -0.668545 1199.290894 0.000000 0.000000 0.000000 1.000000];
0.144485;[-0.236703 -0.971299 -0.017650 -0.100005 -0.609698 0.162758 -0.775689 0.263416 0.756353 -0.172884 -0.630709 1.339848 0.000000 0.000000 0.000000 1.000000];[-0.220942 -0.975118 -0.015844 -91.042709 -0.647579 0.158837 -0.745221 238.385529 0.729239 -0.154385 -0.666554 1199.625366 0.000000 0.000000 0.000000 1.000000];
0.128744;[-0.234049 -0.971911 -0.020252 -0.102212 -0.610809 0.163315 -0.774702 0.263044 0.756297 -0.168982 -0.631857 1.339162 0.000000 0.000000 0.000000 1.000000];[-0.193244 -0.980967 -0.016759 -92.947495 -0.657726 0.142206 -0.739674 237.149353 0.728022 -0.131908 -0.672683 1194.247803 0.000000 0.000000 0.000000 1.000000];
0.130094;[-0.229187 -0.973061 -0.021132 -0.105029 -0.606949 0.159935 -0.778405 0.260134 0.760884 -0.165633 -0.627243 1.331154 0.000000 0.000000 0.000000 1.000000];[-0.191222 -0.981432 -0.012107 -95.529144 -0.662702 0.138200 -0.735983 235.776077 0.724033 -0.132706 -0.676818 1190.747559 0.000000 0.000000 0.000000 1.000000];
0.128944;[-0.228955 -0.973099 -0.021975 -0.105756 -0.612663 0.161704 -0.773537 0.260715 0.756328 -0.163646 -0.633196 1.336391 0.000000 0.000000 0.000000 1.000000];[-0.179243 -0.983646 -0.015252 -97.309532 -0.664971 0.132571 -0.734971 234.914963 0.725016 -0.121590 -0.677854 1192.027466 0.000000 0.000000 0.000000 1.000000];
0.129974;[-0.215942 -0.975982 -0.026399 -0.108196 -0.613125 0.156545 -0.774169 0.259193 0.759726 -0.151020 -0.632214 1.350757 0.000000 0.000000 0.000000 1.000000];[-0.181047 -0.983330 -0.014283 -98.847778 -0.674774 0.134777 -0.725576 233.910812 0.715448 -0.121719 -0.687922 1194.967407 0.000000 0.000000 0.000000 1.000000];
0.128413;[-0.213285 -0.976641 -0.023774 -0.112855 -0.614037 0.152983 -0.774280 0.257244 0.759858 -0.150565 -0.632316 1.330982 0.000000 0.000000 0.000000 1.000000];[-0.174583 -0.984496 -0.014443 -102.108963 -0.676894 0.130663 -0.724353 234.293869 0.715052 -0.116676 -0.689206 1201.045166 0.000000 0.000000 0.000000 1.000000];
0.117059;[-0.207802 -0.977771 -0.024548 -0.114632 -0.614635 0.150066 -0.774326 0.255324 0.760820 -0.145839 -0.632166 1.340137 0.000000 0.000000 0.000000 1.000000];[-0.170602 -0.985206 -0.013552 -104.529404 -0.684031 0.128327 -0.718038 233.427750 0.709197 -0.113221 -0.695801 1205.548462 0.000000 0.000000 0.000000 1.000000];
0.126944;[-0.205190 -0.978273 -0.026866 -0.114674 -0.613377 0.149959 -0.775369 0.253026 0.762595 -0.142621 -0.630807 1.341229 0.000000 0.000000 0.000000 1.000000];[-0.167023 -0.985797 -0.015047 -105.589226 -0.680426 0.126303 -0.721813 231.224228 0.713504 -0.110314 -0.691853 1206.811157 0.000000 0.000000 0.000000 1.000000];
0.132883;[-0.197739 -0.979839 -0.026596 -0.115116 -0.615006 0.145181 -0.774982 0.248602 0.763257 -0.136895 -0.631311 1.334789 0.000000 0.000000 0.000000 1.000000];[-0.165892 -0.986003 -0.014064 -106.022896 -0.677306 0.124298 -0.725087 228.739609 0.716729 -0.110753 -0.688442 1211.803223 0.000000 0.000000 0.000000 1.000000];
0.117463;[-0.192270 -0.980924 -0.026978 -0.113207 -0.611946 0.141386 -0.778124 0.244456 0.767128 -0.133120 -0.627450 1.328989 0.000000 0.000000 0.000000 1.000000];[-0.160678 -0.986854 -0.014887 -104.127068 -0.687297 0.122706 -0.715899 225.035233 0.708357 -0.104790 -0.697974 1207.735229 0.000000 0.000000 0.000000 1.000000];
0.118949;[-0.190962 -0.980809 -0.018789 -0.111191 -0.609856 0.133276 -0.780986 0.238146 0.768853 -0.137612 -0.623416 1.301005 0.000000 0.000000 0.000000 1.000000];[-0.157665 -0.987310 -0.016731 -101.641518 -0.688447 0.122056 -0.714905 221.762527 0.707917 -0.101190 -0.698951 1206.474731 0.000000 0.000000 0.000000 1.000000];
0.126817;[-0.177615 -0.983562 -0.030992 -0.107177 -0.613155 0.135298 -0.778250 0.237475 0.769674 -0.119244 -0.627106 1.320440 0.000000 0.000000 0.000000 1.000000];[-0.158136 -0.987207 -0.018292 -99.013702 -0.688544 0.123536 -0.714557 219.477310 0.707718 -0.100395 -0.699267 1208.871582 0.000000 0.000000 0.000000 1.000000];
0.124665;[-0.169946 -0.984896 -0.031634 -0.104395 -0.610964 0.130541 -0.780784 0.233822 0.773157 -0.113384 -0.623920 1.317707 0.000000 0.000000 0.000000 1.000000];[-0.150865 -0.988316 -0.019765 -95.981308 -0.687517 0.119275 -0.716267 216.379761 0.710298 -0.094463 -0.697475 1203.655762 0.000000 0.000000 0.000000 1.000000];
0.127936;[-0.164437 -0.985733 -0.034742 -0.100977 -0.613226 0.129792 -0.779123 0.235226 0.772554 -0.106839 -0.625816 1.328231 0.000000 0.000000 0.000000 1.000000];[-0.139219 -0.989998 -0.021019 -93.940201 -0.695768 0.112904 -0.709299 213.898575 0.704619 -0.084115 -0.704523 1201.139648 0.000000 0.000000 0.000000 1.000000];
0.133378;[-0.156363 -0.987011 -0.035889 -0.098922 -0.610527 0.125176 -0.782007 0.232925 0.776371 -0.100368 -0.622167 1.322573 0.000000 0.000000 0.000000 1.000000];[-0.142653 -0.989470 -0.022781 -91.832397 -0.688514 0.115749 -0.715888 212.593460 0.711028 -0.086430 -0.697772 1199.377930 0.000000 0.000000 0.000000 1.000000];
0.149301;[-0.148987 -0.988093 -0.037288 -0.095815 -0.611927 0.121797 -0.781439 0.232814 0.776699 -0.093615 -0.622799 1.323559 0.000000 0.000000 0.000000 1.000000];[-0.134751 -0.990448 -0.027839 -88.818115 -0.677659 0.112623 -0.726663 211.985580 0.722900 -0.079045 -0.686357 1197.807251 0.000000 0.000000 0.000000 1.000000];
0.118015;[-0.139221 -0.989414 -0.039190 -0.092723 -0.611198 0.117061 -0.782747 0.230409 0.779073 -0.085031 -0.621015 1.313648 0.000000 0.000000 0.000000 1.000000];[-0.124559 -0.991712 -0.030196 -85.425850 -0.680884 0.107580 -0.724408 212.614212 0.721696 -0.069663 -0.688637 1197.336914 0.000000 0.000000 0.000000 1.000000];
0.139600;[-0.130845 -0.990454 -0.042437 -0.088466 -0.610178 0.114218 -0.783970 0.230380 0.781362 -0.076695 -0.619289 1.312298 0.000000 0.000000 0.000000 1.000000];[-0.107438 -0.993568 -0.034628 -81.550980 -0.675014 0.098478 -0.731165 212.651367 0.729915 -0.055172 -0.681248 1198.401489 0.000000 0.000000 0.000000 1.000000];
0.128356;[-0.121783 -0.991522 -0.044109 -0.084527 -0.608439 0.109719 -0.785955 0.229245 0.784165 -0.068889 -0.616642 1.311813 0.000000 0.000000 0.000000 1.000000];[-0.100690 -0.994232 -0.035802 -77.700958 -0.669326 0.094326 -0.736918 211.913956 0.736089 -0.050229 -0.674959 1197.917603 0.000000 0.000000 0.000000 1.000000];
0.117550;[-0.113364 -0.992456 -0.045515 -0.080933 -0.607078 0.105486 -0.787589 0.226808 0.786475 -0.061666 -0.614451 1.311253 0.000000 0.000000 0.000000 1.000000];[-0.098026 -0.994435 -0.037516 -74.546112 -0.672777 0.094007 -0.733810 210.096710 0.733297 -0.046684 -0.678244 1197.835327 0.000000 0.000000 0.000000 1.000000];
0.117888;[-0.105178 -0.993372 -0.045326 -0.078362 -0.606458 0.100213 -0.788749 0.226673 0.788091 -0.055471 -0.612980 1.315563 0.000000 0.000000 0.000000 1.000000];[-0.096627 -0.994722 -0.033320 -73.121284 -0.685454 0.090787 -0.722395 207.668930 0.721650 -0.046955 -0.690605 1195.218140 0.000000 0.000000 0.000000 1.000000];
0.134859;[-0.097345 -0.994063 -0.047494 -0.077278 -0.607506 0.097190 -0.788305 0.224709 0.788276 -0.047887 -0.613366 1.315588 0.000000 0.000000 0.000000 1.000000];[-0.087600 -0.995494 -0.035147 -72.774567 -0.681192 0.085616 -0.727042 205.427628 0.726819 -0.039737 -0.685620 1195.128174 0.000000 0.000000 0.000000 1.000000];
0.128872;[-0.087272 -0.995050 -0.046450 -0.080328 -0.609582 0.090247 -0.787531 0.219009 0.787844 -0.040416 -0.614442 1.306510 0.000000 0.000000 0.000000 1.000000];[-0.086352 -0.995563 -0.036280 -74.099205 -0.677673 0.085399 -0.730349 203.147263 0.730250 -0.038472 -0.682037 1196.134521 0.000000 0.000000 0.000000 1.000000];
0.139892;[-0.079647 -0.995717 -0.046181 -0.082593 -0.607472 0.085264 -0.789711 0.215945 0.790289 -0.034855 -0.611657 1.303839 0.000000 0.000000 0.000000 1.000000];[-0.077803 -0.996334 -0.034395 -76.307556 -0.675968 0.078087 -0.732743 200.606110 0.732787 -0.033750 -0.679562 1191.901123 0.000000 0.000000 0.000000 1.000000];
0.127948;[-0.072544 -0.996295 -0.045314 -0.085882 -0.606742 0.080198 -0.790793 0.214278 0.791512 -0.029871 -0.610310 1.300617 0.000000 0.000000 0.000000 1.000000];[-0.070300 -0.996796 -0.037056 -78.953735 -0.682223 0.075155 -0.727232 198.345734 0.727731 -0.025834 -0.685318 1186.911255 0.000000 0.000000 0.000000 1.000000];
0.139434;[-0.065464 -0.996777 -0.045612 -0.090148 -0.608632 0.076140 -0.789732 0.213698 0.790689 -0.023924 -0.611656 1.303115 0.000000 0.000000 0.000000 1.000000];[-0.061614 -0.997299 -0.038932 -82.765602 -0.683948 0.070604 -0.726067 197.071426 0.726898 -0.018099 -0.686449 1187.427246 0.000000 0.000000 0.000000 1.000000];
0.118519;[-0.056901 -0.997392 -0.043804 -0.094464 -0.607511 0.069444 -0.791227 0.211720 0.792217 -0.018412 -0.609879 1.300432 0.000000 0.000000 0.000000 1.000000];[-0.057866 -0.997653 -0.035468 -86.446968 -0.684191 0.065512 -0.726315 194.913986 0.726978 -0.017752 -0.686373 1182.385132 0.000000 0.000000 0.000000 1.000000];
0.119332;[-0.046668 -0.997937 -0.043397 -0.098870 -0.608032 0.062876 -0.791358 0.210778 0.792464 -0.010540 -0.609714 1.301340 0.000000 0.000000 0.000000 1.000000];[-0.051023 -0.997950 -0.037538 -90.157974 -0.672603 0.062131 -0.737352 194.891266 0.738217 -0.012364 -0.674391 1184.776855 0.000000 0.000000 0.000000 1.000000];
0.146050;[-0.039300 -0.998312 -0.041804 -0.102992 -0.607819 0.057121 -0.791978 0.210039 0.793052 -0.005718 -0.609036 1.300961 0.000000 0.000000 0.000000 1.000000];[-0.040653 -0.998441 -0.037143 -94.478889 -0.668713 0.054818 -0.741458 195.539581 0.742383 -0.005295 -0.669896 1192.407715 0.000000 0.000000 0.000000 1.000000];
0.144377;[-0.031404 -0.998645 -0.040550 -0.106862 -0.607679 0.051331 -0.792493 0.209800 0.793517 -0.000253 -0.608466 1.303441 0.000000 0.000000 0.000000 1.000000];[-0.024547 -0.999003 -0.036174 -98.513939 -0.658340 0.043394 -0.751429 194.694748 0.752296 0.005379 -0.658745 1192.186279 0.000000 0.000000 0.000000 1.000000];
0.134191;[-0.022748 -0.998963 -0.038899 -0.110987 -0.605420 0.044754 -0.794620 0.208760 0.795550 0.005470 -0.605807 1.303383 0.000000 0.000000 0.000000 1.000000];[-0.015555 -0.999239 -0.034587 -102.104698 -0.659534 0.036261 -0.750760 193.868469 0.751489 0.011144 -0.659593 1191.240601 0.000000 0.000000 0.000000 1.000000];
0.135737;[-0.014121 -0.999146 -0.038150 -0.114745 -0.605871 0.038936 -0.794561 0.208631 0.795393 0.011876 -0.605900 1.307080 0.000000 0.000000 0.000000 1.000000];[-0.002239 -0.999440 -0.032122 -105.232788 -0.662943 0.025540 -0.748195 192.906052 0.748642 0.019630 -0.662626 1187.831909 0.000000 0.000000 0.000000 1.000000];
0.129917;[-0.001422 -0.999093 -0.041475 -0.119760 -0.606781 0.033866 -0.794106 0.210217 0.794810 0.024025 -0.606274 1.316280 0.000000 0.000000 0.000000 1.000000];[0.012625 -0.999377 -0.031675 -108.963242 -0.662678 0.015367 -0.748707 192.653275 0.748774 0.030453 -0.662068 1192.153320 0.000000 0.000000 0.000000 1.000000];
0.128248;[0.006408 -0.999174 -0.039478 -0.122992 -0.604828 0.027598 -0.795838 0.207832 0.796291 0.028966 -0.604143 1.312801 0.000000 0.000000 0.000000 1.000000];[0.024534 -0.999193 -0.030471 -112.749062 -0.649480 0.007249 -0.760304 192.721863 0.759959 0.038454 -0.648775 1195.180298 0.000000 0.000000 0.000000 1.000000];
0.132061;[0.015457 -0.999074 -0.039113 -0.127522 -0.604376 0.021826 -0.796329 0.207737 0.796482 0.035956 -0.603477 1.314858 0.000000 0.000000 0.000000 1.000000];[0.035244 -0.998819 -0.032174 -115.810715 -0.648174 0.001666 -0.761450 192.243423 0.760652 0.047702 -0.647347 1195.774658 0.000000 0.000000 0.000000 1.000000];
0.138006;[0.024872 -0.998746 -0.041995 -0.130743 -0.604069 0.018485 -0.796667 0.207372 0.796500 0.045178 -0.602840 1.316476 0.000000 0.000000 0.000000 1.000000];[0.045168 -0.998531 -0.028514 -119.336952 -0.641683 -0.007116 -0.766897 191.774612 0.765615 0.052947 -0.641059 1195.445435 0.000000 0.000000 0.000000 1.000000];
0.135889;[0.032077 -0.998611 -0.040121 -0.134803 -0.603861 0.012644 -0.796936 0.207260 0.796399 0.049792 -0.602597 1.321421 0.000000 0.000000 0.000000 1.000000];[0.057700 -0.997888 -0.028417 -123.177841 -0.641539 -0.015245 -0.766899 191.434021 0.764893 0.062492 -0.641061 1199.011230 0.000000 0.000000 0.000000 1.000000];
0.127845;[0.042275 -0.998305 -0.038370 -0.139280 -0.602927 0.005170 -0.797713 0.206644 0.796623 0.056860 -0.601682 1.325668 0.000000 0.000000 0.000000 1.000000];[0.076477 -0.996632 -0.028164 -127.163612 -0.639234 -0.027323 -0.768486 190.732697 0.765176 0.076787 -0.639168 1204.262329 0.000000 0.000000 0.000000 1.000000];
0.118117;[0.052096 -0.997897 -0.037035 -0.143279 -0.602115 -0.001772 -0.798342 0.205085 0.796654 0.063891 -0.600935 1.330194 0.000000 0.000000 0.000000 1.000000];[0.087107 -0.995784 -0.027307 -130.791046 -0.639221 -0.034838 -0.768193 189.937744 0.764050 0.084382 -0.639557 1211.548950 0.000000 0.000000 0.000000 1.000000];
0.124915;[0.060093 -0.997406 -0.038573 -0.145504 -0.602098 -0.005379 -0.798365 0.204434 0.796125 0.071202 -0.600850 1.333320 0.000000 0.000000 0.000000 1.000000];[0.098506 -0.994793 -0.024531 -133.632065 -0.634963 -0.043844 -0.771257 188.867569 0.766213 0.091561 -0.635973 1214.163452 0.000000 0.000000 0.000000 1.000000];
0.127606;[0.071946 -0.996721 -0.035314 -0.147703 -0.599730 -0.014915 -0.799994 0.202260 0.796897 0.078741 -0.598827 1.337911 0.000000 0.000000 0.000000 1.000000];[0.111454 -0.993445 -0.023725 -136.029831 -0.635411 -0.052877 -0.770321 188.002396 0.764064 0.100943 -0.637137 1223.759521 0.000000 0.000000 0.000000 1.000000];
0.118348;[0.083191 -0.995936 -0.032563 -0.148388 -0.599359 -0.023899 -0.800081 0.202137 0.796115 0.086084 -0.598898 1.349822 0.000000 0.000000 0.000000 1.000000];[0.129777 -0.991271 -0.021389 -137.430359 -0.630599 -0.065859 -0.773269 186.306564 0.765158 0.113853 -0.633639 1228.152466 0.000000 0.000000 0.000000 1.000000];
0.138264;[0.095259 -0.994899 -0.031648 -0.149326 -0.597808 -0.031733 -0.800965 0.198875 0.795921 0.095217 -0.597784 1.345644 0.000000 0.000000 0.000000 1.000000];[0.141657 -0.989712 -0.017935 -138.118866 -0.628257 -0.075877 -0.774256 185.077362 0.764977 0.120959 -0.632539 1232.514038 0.000000 0.000000 0.000000 1.000000];
0.135040;[0.107663 -0.993668 -0.030357 -0.148741 -0.597452 -0.040248 -0.800849 0.197145 0.794610 0.104364 -0.597995 1.349740 0.000000 0.000000 0.000000 1.000000];[0.146652 -0.989013 -0.016234 -137.140442 -0.631983 -0.081046 -0.770691 183.138824 0.760956 0.123296 -0.636923 1231.542603 0.000000 0.000000 0.000000 1.000000];
0.118538;[0.120196 -0.992222 -0.030378 -0.147746 -0.597933 -0.047906 -0.800070 0.196310 0.792444 0.114335 -0.599037 1.352830 0.000000 0.000000 0.000000 1.000000];[0.162827 -0.986501 -0.014850 -136.115753 -0.626424 -0.091728 -0.774025 182.547318 0.762262 0.135348 -0.632902 1236.690186 0.000000 0.000000 0.000000 1.000000];
0.125492;[0.131819 -0.990859 -0.026826 -0.145072 -0.595960 -0.057594 -0.800871 0.195356 0.792067 0.121569 -0.598101 1.356744 0.000000 0.000000 0.000000 1.000000];[0.169197 -0.985417 -0.015638 -134.088821 -0.628124 -0.095580 -0.772179 182.029053 0.759471 0.140486 -0.635134 1242.380005 0.000000 0.000000 0.000000 1.000000];
0.123478;[0.143527 -0.989162 -0.028595 -0.141471 -0.596714 -0.063412 -0.799873 0.195209 0.789455 0.131854 -0.599335 1.358097 0.000000 0.000000 0.000000 1.000000];[0.180659 -0.983344 -0.017744 -130.943161 -0.627533 -0.101345 -0.771925 181.417343 0.757317 0.150604 -0.635388 1242.404053 0.000000 0.000000 0.000000 1.000000];
0.144521;[0.155043 -0.987413 -0.028783 -0.138404 -0.597358 -0.070459 -0.798822 0.194593 0.786804 0.141034 -0.600742 1.363482 0.000000 0.000000 0.000000 1.000000];[0.196403 -0.980332 -0.017160 -127.497017 -0.625881 -0.111864 -0.771813 180.194763 0.754760 0.162340 -0.635540 1240.308594 0.000000 0.000000 0.000000 1.000000];
0.145748;[0.166491 -0.985596 -0.027683 -0.135395 -0.596412 -0.078262 -0.798800 0.194439 0.785171 0.149499 -0.600847 1.365985 0.000000 0.000000 0.000000 1.000000];[0.201165 -0.979389 -0.015725 -124.710197 -0.625358 -0.116041 -0.771620 180.198486 0.753939 0.165071 -0.635811 1245.328369 0.000000 0.000000 0.000000 1.000000];
0.143834;[0.177779 -0.983649 -0.026540 -0.131207 -0.594525 -0.085805 -0.799411 0.193340 0.784106 0.157887 -0.600058 1.366673 0.000000 0.000000 0.000000 1.000000];[0.215831 -0.976243 -0.016864 -121.310165 -0.621986 -0.124139 -0.773084 179.998810 0.752671 0.177359 -0.634001 1250.687134 0.000000 0.000000 0.000000 1.000000];
0.135889;[0.189476 -0.981543 -0.022153 -0.127124 -0.595050 -0.096765 -0.797732 0.192931 0.780934 0.164328 -0.602400 1.374129 0.000000 0.000000 0.000000 1.000000];[0.227560 -0.973592 -0.015937 -117.291245 -0.620821 -0.132441 -0.772643 178.636810 0.750174 0.185731 -0.634563 1250.671387 0.000000 0.000000 0.000000 1.000000];
0.128894;[0.199949 -0.979451 -0.023319 -0.122876 -0.593705 -0.102094 -0.798093 0.190974 0.779347 0.173418 -0.601907 1.373403 0.000000 0.000000 0.000000 1.000000];[0.240605 -0.970484 -0.013765 -113.619087 -0.622031 -0.143279 -0.769730 177.083389 0.745085 0.193778 -0.638143 1250.361084 0.000000 0.000000 0.000000 1.000000];
0.125471;[0.212734 -0.976739 -0.023251 -0.119947 -0.596511 -0.110888 -0.794796 0.189907 0.773761 0.182951 -0.606229 1.377736 0.000000 0.000000 0.000000 1.000000];[0.254101 -0.967011 -0.015546 -110.272614 -0.619235 -0.150308 -0.770643 176.094269 0.742929 0.205463 -0.637000 1252.474243 0.000000 0.000000 0.000000 1.000000];
0.118155;[0.223031 -0.974439 -0.023086 -0.116699 -0.597646 -0.117832 -0.792913 0.189617 0.769953 0.190639 -0.608657 1.379312 0.000000 0.000000 0.000000 1.000000];[0.269817 -0.962800 -0.011634 -107.903221 -0.618053 -0.163895 -0.768820 174.798447 0.738358 0.214647 -0.639282 1253.290771 0.000000 0.000000 0.000000 1.000000];
0.128347;[0.230659 -0.972661 -0.022703 -0.114203 -0.597995 -0.123143 -0.791825 0.189384 0.767389 0.196243 -0.610066 1.381060 0.000000 0.000000 0.000000 1.000000];[0.271391 -0.962369 -0.010607 -106.317177 -0.617459 -0.165630 -0.768925 174.909271 0.738278 0.215244 -0.639174 1254.767578 0.000000 0.000000 0.000000 1.000000];
0.119963;[0.239250 -0.970495 -0.024875 -0.113896 -0.598082 -0.126930 -0.791097 0.189618 0.764622 0.204173 -0.610804 1.381527 0.000000 0.000000 0.000000 1.000000];[0.282238 -0.959224 -0.012309 -105.920837 -0.616233 -0.171434 -0.768636 175.537140 0.735229 0.224539 -0.639490 1255.857178 0.000000 0.000000 0.000000 1.000000];
0.118214;[0.245817 -0.968883 -0.024683 -0.114734 -0.599007 -0.131603 -0.789594 0.191069 0.761782 0.208912 -0.612725 1.381197 0.000000 0.000000 0.000000 1.000000];[0.293766 -0.955770 -0.011191 -106.527702 -0.618113 -0.181007 -0.764923 175.175201 0.729110 0.231642 -0.643947 1247.924072 0.000000 0.000000 0.000000 1.000000];
0.137296;[0.256009 -0.966319 -0.024625 -0.117657 -0.592315 -0.136675 -0.794007 0.189695 0.763933 0.217860 -0.607346 1.361680 0.000000 0.000000 0.000000 1.000000];[0.300725 -0.953568 -0.013900 -109.494591 -0.615129 -0.182792 -0.766901 177.213654 0.728796 0.239193 -0.641537 1256.155396 0.000000 0.000000 0.000000 1.000000];
0.138880;[0.260243 -0.965152 -0.023965 -0.120420 -0.593485 -0.140283 -0.792444 0.190935 0.761541 0.220458 -0.609292 1.358118 0.000000 0.000000 0.000000 1.000000];[0.300933 -0.953533 -0.011575 -113.402931 -0.613789 -0.184372 -0.767596 178.317276 0.729839 0.238115 -0.640752 1255.991577 0.000000 0.000000 0.000000 1.000000];
0.126014;[0.263888 -0.964258 -0.021207 -0.125844 -0.592343 -0.144654 -0.792552 0.191539 0.761216 0.221723 -0.609337 1.357186 0.000000 0.000000 0.000000 1.000000];[0.309852 -0.950690 -0.010039 -117.863785 -0.610064 -0.190692 -0.769021 179.509003 0.729230 0.244423 -0.639068 1255.245850 0.000000 0.000000 0.000000 1.000000];
0.141994;[0.267417 -0.963297 -0.021323 -0.132502 -0.596562 -0.148068 -0.788432 0.193287 0.756379 0.223583 -0.614261 1.370871 0.000000 0.000000 0.000000 1.000000];[0.309206 -0.950902 -0.009923 -122.955803 -0.607453 -0.189455 -0.771390 181.239609 0.731680 0.244562 -0.636208 1260.756226 0.000000 0.000000 0.000000 1.000000];
0.119557;[0.271112 -0.962265 -0.020143 -0.135464 -0.592496 -0.150336 -0.791368 0.192967 0.758555 0.226481 -0.610879 1.350191 0.000000 0.000000 0.000000 1.000000];[0.304288 -0.952501 -0.008391 -127.486107 -0.609275 -0.187834 -0.770348 182.690491 0.732226 0.239536 -0.637491 1260.736328 0.000000 0.000000 0.000000 1.000000];
0.128771;[0.274407 -0.961341 -0.020608 -0.139643 -0.594026 -0.152599 -0.789797 0.194057 0.756176 0.228968 -0.612926 1.348000 0.000000 0.000000 0.000000 1.000000];[0.302368 -0.953130 -0.006082 -131.956192 -0.609884 -0.188545 -0.769692 183.983505 0.732515 0.236456 -0.638309 1260.388306 0.000000 0.000000 0.000000 1.000000];
0.125947;[0.278009 -0.960342 -0.018708 -0.143893 -0.596953 -0.157447 -0.786623 0.195285 0.752528 0.229859 -0.617044 1.347414 0.000000 0.000000 0.000000 1.000000];[0.306775 -0.951730 -0.004557 -136.281799 -0.611291 -0.193345 -0.767382 184.574707 0.729503 0.238215 -0.641097 1259.488281 0.000000 0.000000 0.000000 1.000000];
0.118399;[0.281139 -0.959420 -0.017720 -0.148951 -0.596449 -0.160235 -0.786446 0.195062 0.751761 0.231693 -0.617268 1.342221 0.000000 0.000000 0.000000 1.000000];[0.304890 -0.952341 -0.003268 -141.631042 -0.611862 -0.193234 -0.766955 185.868439 0.729815 0.235853 -0.641616 1261.732910 0.000000 0.000000 0.000000 1.000000];
0.127136;[0.283063 -0.958871 -0.017118 -0.154838 -0.597936 -0.162458 -0.784857 0.196510 0.749870 0.232402 -0.619313 1.341807 0.000000 0.000000 0.000000 1.000000];[0.305614 -0.952098 -0.005574 -146.579819 -0.610737 -0.191521 -0.768280 187.113861 0.730454 0.238217 -0.640013 1259.744995 0.000000 0.000000 0.000000 1.000000];
0.148046;[0.284039 -0.958611 -0.016528 -0.160662 -0.599357 -0.164043 -0.783427 0.197844 0.748341 0.232442 -0.621135 1.340587 0.000000 0.000000 0.000000 1.000000];[0.313208 -0.949632 -0.004578 -151.807297 -0.612745 -0.198387 -0.764932 188.035980 0.725539 0.242404 -0.644019 1258.740112 0.000000 0.000000 0.000000 1.000000];
0.117510;[0.287797 -0.957446 -0.018231 -0.165204 -0.601162 -0.165751 -0.781682 0.197689 0.745452 0.235909 -0.623264 1.338973 0.000000 0.000000 0.000000 1.000000];[0.320553 -0.947187 -0.001995 -157.195023 -0.608380 -0.204255 -0.766868 188.492218 0.726004 0.247052 -0.641724 1259.312256 0.000000 0.000000 0.000000 1.000000];
0.132766;[0.289906 -0.956841 -0.016565 -0.170366 -0.603755 -0.169374 -0.778907 0.197691 0.742549 0.235793 -0.626780 1.340596 0.000000 0.000000 0.000000 1.000000];[0.323390 -0.946224 -0.001069 -161.467163 -0.611291 -0.208036 -0.763530 188.131882 0.722292 0.247588 -0.645695 1256.416138 0.000000 0.000000 0.000000 1.000000];
0.127072;[0.292579 -0.955997 -0.018542 -0.174832 -0.605278 -0.170098 -0.777556 0.198476 0.740226 0.238722 -0.628396 1.343152 0.000000 0.000000 0.000000 1.000000];[0.325089 -0.945642 -0.000573 -165.416885 -0.613305 -0.210357 -0.761276 188.204956 0.719817 0.247850 -0.648352 1256.949097 0.000000 0.000000 0.000000 1.000000];
0.125110;[0.295611 -0.955120 -0.015558 -0.179058 -0.604856 -0.174479 -0.776892 0.198691 0.739354 0.239062 -0.629270 1.344277 0.000000 0.000000 0.000000 1.000000];[0.334186 -0.942465 0.000996 -168.404755 -0.613652 -0.218373 -0.758735 188.159546 0.715342 0.252963 -0.651323 1254.695801 0.000000 0.000000 0.000000 1.000000];
0.127490;[0.300800 -0.953456 -0.017826 -0.182724 -0.608512 -0.177422 -0.773286 0.199228 0.734187 0.243428 -0.633542 1.347701 0.000000 0.000000 0.000000 1.000000];[0.344079 -0.938899 0.000805 -171.604630 -0.612376 -0.225045 -0.757815 188.087097 0.711736 0.260272 -0.652392 1254.236206 0.000000 0.000000 0.000000 1.000000];
0.141560;[0.302755 -0.952888 -0.014663 -0.186802 -0.607197 -0.180950 -0.773531 0.198070 0.734496 0.243070 -0.633356 1.347225 0.000000 0.000000 0.000000 1.000000];[0.344497 -0.938743 0.002332 -174.339264 -0.614984 -0.227538 -0.754953 186.924255 0.709280 0.258661 -0.655699 1250.437622 0.000000 0.000000 0.000000 1.000000];
0.127330;[0.308325 -0.951094 -0.015826 -0.190677 -0.611087 -0.185293 -0.769333 0.197675 0.728822 0.246855 -0.638318 1.351627 0.000000 0.000000 0.000000 1.000000];[0.350638 -0.936466 0.002687 -177.463898 -0.616062 -0.232807 -0.752464 185.994202 0.705325 0.262204 -0.658552 1253.480957 0.000000 0.000000 0.000000 1.000000];
0.133335;[0.311882 -0.949975 -0.014198 -0.193882 -0.611752 -0.189304 -0.767901 0.195354 0.726830 0.248173 -0.640180 1.354812 0.000000 0.000000 0.000000 1.000000];[0.355973 -0.934443 0.004637 -180.529953 -0.616027 -0.238376 -0.750747 183.733704 0.702678 0.264406 -0.660498 1253.790283 0.000000 0.000000 0.000000 1.000000];
0.138458;[0.317017 -0.948230 -0.015427 -0.198161 -0.615007 -0.193177 -0.764282 0.193644 0.721787 0.251788 -0.644390 1.357810 0.000000 0.000000 0.000000 1.000000];[0.362660 -0.931858 0.006481 -183.836792 -0.614870 -0.244486 -0.749730 182.049347 0.700268 0.267929 -0.661637 1254.055420 0.000000 0.000000 0.000000 1.000000];
0.132454;[0.320748 -0.947008 -0.014093 -0.203022 -0.614943 -0.196985 -0.763304 0.192432 0.720112 0.253533 -0.645525 1.359756 0.000000 0.000000 0.000000 1.000000];[0.361870 -0.932158 0.007415 -187.311188 -0.616627 -0.245306 -0.748017 180.627167 0.699130 0.266130 -0.663563 1253.088257 0.000000 0.000000 0.000000 1.000000];
0.118152;[0.325692 -0.945295 -0.014150 -0.207779 -0.617328 -0.201394 -0.760204 0.191953 0.715810 0.256356 -0.649130 1.361987 0.000000 0.000000 0.000000 1.000000];[0.369569 -0.929098 0.010902 -191.289566 -0.615028 -0.253379 -0.746641 179.563431 0.696506 0.269248 -0.665062 1252.932129 0.000000 0.000000 0.000000 1.000000];
0.143729;[0.329795 -0.943852 -0.013661 -0.212700 -0.616837 -0.204631 -0.759706 0.191265 0.714328 0.259046 -0.649664 1.363441 0.000000 0.000000 0.000000 1.000000];[0.374544 -0.927095 0.011649 -195.587631 -0.614754 -0.257702 -0.745385 179.310837 0.694086 0.272036 -0.666456 1253.187256 0.000000 0.000000 0.000000 1.000000];
0.118066;[0.334112 -0.942338 -0.009394 -0.218889 -0.614609 -0.210604 -0.759766 0.191382 0.714035 0.259726 -0.649491 1.366241 0.000000 0.000000 0.000000 1.000000];[0.378083 -0.925602 0.015401 -199.811920 -0.613860 -0.263104 -0.744234 178.535172 0.692958 0.271946 -0.667666 1249.911377 0.000000 0.000000 0.000000 1.000000];
0.137975;[0.337396 -0.941279 -0.005625 -0.219680 -0.608820 -0.213623 -0.763883 0.189461 0.717880 0.261156 -0.645124 1.350035 0.000000 0.000000 0.000000 1.000000];[0.381003 -0.924336 0.019087 -204.861191 -0.612442 -0.267777 -0.743736 178.086578 0.692614 0.271693 -0.668126 1250.965820 0.000000 0.000000 0.000000 1.000000];
0.144037;[0.342327 -0.939511 -0.000234 -0.225248 -0.607335 -0.221019 -0.762969 0.188702 0.716826 0.261311 -0.646237 1.349767 0.000000 0.000000 0.000000 1.000000];[0.386400 -0.922059 0.020627 -209.474213 -0.611555 -0.272869 -0.742614 177.256271 0.690404 0.274349 -0.669327 1249.965454 0.000000 0.000000 0.000000 1.000000];
0.142999;[0.349514 -0.936843 0.000176 -0.230101 -0.608607 -0.227122 -0.760144 0.187643 0.712241 0.265584 -0.649534 1.352762 0.000000 0.000000 0.000000 1.000000];[0.395599 -0.918043 0.024944 -214.592026 -0.608420 -0.282305 -0.741661 176.339401 0.687961 0.278241 -0.670235 1251.493042 0.000000 0.000000 0.000000 1.000000];
0.125897;[0.355423 -0.934614 0.003589 -0.235884 -0.605322 -0.233078 -0.760922 0.185688 0.712075 0.268310 -0.648566 1.351694 0.000000 0.000000 0.000000 1.000000];[0.398762 -0.916544 0.029325 -218.766602 -0.606786 -0.287678 -0.740934 174.634094 0.687576 0.277681 -0.670862 1248.430298 0.000000 0.000000 0.000000 1.000000];
0.132418;[0.361918 -0.932157 0.005488 -0.241017 -0.601042 -0.237808 -0.762855 0.184585 0.712432 0.272825 -0.646332 1.350229 0.000000 0.000000 0.000000 1.000000];[0.404025 -0.914122 0.032686 -223.118042 -0.604282 -0.293542 -0.740680 173.086197 0.686709 0.279520 -0.670987 1246.646240 0.000000 0.000000 0.000000 1.000000];
0.119580;[0.367134 -0.930048 0.009353 -0.246893 -0.603849 -0.245961 -0.757932 0.182815 0.707281 0.272673 -0.651903 1.355560 0.000000 0.000000 0.000000 1.000000];[0.412920 -0.910082 0.034230 -227.982529 -0.603419 -0.301521 -0.738174 171.330444 0.682162 0.284170 -0.673665 1248.315552 0.000000 0.000000 0.000000 1.000000];
0.141398;[0.373384 -0.927495 0.013571 -0.252046 -0.598325 -0.251968 -0.760345 0.180314 0.708687 0.275850 -0.649013 1.353723 0.000000 0.000000 0.000000 1.000000];[0.418963 -0.907144 0.038539 -231.374741 -0.601815 -0.309204 -0.736303 168.601028 0.679890 0.285309 -0.675478 1241.878540 0.000000 0.000000 0.000000 1.000000];
0.120757;[0.381176 -0.924323 0.013113 -0.256453 -0.597219 -0.257020 -0.759454 0.178533 0.705384 0.281754 -0.649985 1.356229 0.000000 0.000000 0.000000 1.000000];[0.428126 -0.902695 0.042134 -235.676254 -0.597047 -0.317523 -0.736644 166.476486 0.678384 0.290239 -0.674891 1244.047974 0.000000 0.000000 0.000000 1.000000];
0.128044;[0.389646 -0.920748 0.016879 -0.262691 -0.595757 -0.266026 -0.757399 0.176662 0.701913 0.285101 -0.652185 1.365866 0.000000 0.000000 0.000000 1.000000];[0.435326 -0.899085 0.045420 -238.946259 -0.595655 -0.325478 -0.734295 163.834320 0.675018 0.292621 -0.677234 1243.096802 0.000000 0.000000 0.000000 1.000000];
0.118646;[0.396377 -0.917749 0.022126 -0.261307 -0.586471 -0.271641 -0.762998 0.173032 0.706320 0.289460 -0.645892 1.349495 0.000000 0.000000 0.000000 1.000000];[0.443395 -0.895053 0.046986 -243.229233 -0.591775 -0.331695 -0.734650 162.311157 0.673176 0.297953 -0.676742 1247.351929 0.000000 0.000000 0.000000 1.000000];
0.136636;[0.402343 -0.915053 0.026348 -0.266214 -0.581635 -0.277698 -0.764503 0.171210 0.706929 0.292258 -0.643939 1.350237 0.000000 0.000000 0.000000 1.000000];[0.451829 -0.890624 0.050642 -247.362015 -0.588745 -0.340341 -0.733128 160.163544 0.670218 0.301453 -0.678127 1244.760986 0.000000 0.000000 0.000000 1.000000];
0.118516;[0.409327 -0.911960 0.026461 -0.270876 -0.579987 -0.282450 -0.764031 0.169066 0.704275 0.297388 -0.644526 1.352743 0.000000 0.000000 0.000000 1.000000];[0.457530 -0.887626 0.052082 -251.385529 -0.587173 -0.345581 -0.731936 157.604355 0.667725 0.304320 -0.679305 1246.112061 0.000000 0.000000 0.000000 1.000000];
0.122174;[0.416725 -0.908438 0.031775 -0.274207 -0.576305 -0.291026 -0.763598 0.165695 0.702967 0.299881 -0.644804 1.355140 0.000000 0.000000 0.000000 1.000000];[0.457063 -0.887565 0.056995 -254.706238 -0.586425 -0.348900 -0.730961 154.696960 0.668701 0.300691 -0.679960 1248.798340 0.000000 0.000000 0.000000 1.000000];
0.117762;[0.424439 -0.904807 0.032717 -0.275731 -0.573715 -0.296665 -0.763372 0.161790 0.700476 0.305218 -0.645006 1.357102 0.000000 0.000000 0.000000 1.000000];[0.466508 -0.882516 0.058844 -256.592133 -0.581849 -0.356290 -0.731053 151.900543 0.666172 0.306823 -0.679704 1253.398193 0.000000 0.000000 0.000000 1.000000];
0.126873;[0.433292 -0.900541 0.034105 -0.276450 -0.572516 -0.304255 -0.761269 0.158048 0.695985 0.310334 -0.647387 1.360160 0.000000 0.000000 0.000000 1.000000];[0.474504 -0.878287 0.058186 -257.643890 -0.579308 -0.361351 -0.730586 148.938416 0.662730 0.312977 -0.680262 1260.395264 0.000000 0.000000 0.000000 1.000000];
0.131603;[0.442482 -0.896066 0.033675 -0.276500 -0.569244 -0.309669 -0.761542 0.154164 0.692908 0.317802 -0.647085 1.365115 0.000000 0.000000 0.000000 1.000000];[0.491672 -0.868752 0.058781 -256.463409 -0.575780 -0.374991 -0.726489 145.101898 0.653221 0.323369 -0.684584 1259.066284 0.000000 0.000000 0.000000 1.000000];
0.133328;[0.452300 -0.891206 0.033182 -0.275400 -0.567260 -0.316170 -0.760330 0.150695 0.688141 0.325074 -0.648537 1.369342 0.000000 0.000000 0.000000 1.000000];[0.496010 -0.866499 0.055504 -256.782990 -0.573094 -0.374709 -0.728754 142.226181 0.652302 0.329680 -0.682447 1269.756348 0.000000 0.000000 0.000000 1.000000];
0.135265;[0.459221 -0.887640 0.033456 -0.274633 -0.565698 -0.321245 -0.759423 0.147441 0.684884 0.329818 -0.649644 1.375048 0.000000 0.000000 0.000000 1.000000];[0.509037 -0.858845 0.056535 -254.939789 -0.570873 -0.386024 -0.724580 138.401306 0.644164 0.336583 -0.686793 1269.685303 0.000000 0.000000 0.000000 1.000000];
0.128815;[0.466504 -0.883928 0.031429 -0.272992 -0.562284 -0.323777 -0.760866 0.143923 0.682758 0.337268 -0.648053 1.379058 0.000000 0.000000 0.000000 1.000000];[0.524375 -0.849625 0.055652 -253.239883 -0.565566 -0.396396 -0.723140 134.687958 0.636496 0.347742 -0.688382 1270.048706 0.000000 0.000000 0.000000 1.000000];
0.126755;[0.476543 -0.878575 0.029519 -0.270837 -0.561847 -0.330169 -0.758440 0.139871 0.676149 0.344850 -0.650939 1.380861 0.000000 0.000000 0.000000 1.000000];[0.513545 -0.856270 0.054794 -249.795761 -0.572619 -0.389555 -0.721306 130.907196 0.639016 0.339067 -0.690372 1265.055176 0.000000 0.000000 0.000000 1.000000];
0.145217;[0.483734 -0.874698 0.028634 -0.270684 -0.560024 -0.334465 -0.757899 0.140085 0.672571 0.350578 -0.651639 1.399277 0.000000 0.000000 0.000000 1.000000];[0.514599 -0.855797 0.052227 -248.109207 -0.572471 -0.388272 -0.722114 128.373413 0.638300 0.341721 -0.689726 1272.102539 0.000000 0.000000 0.000000 1.000000];
0.134782;[0.491775 -0.870327 0.024955 -0.265699 -0.559195 -0.337670 -0.757088 0.134227 0.667362 0.358360 -0.652732 1.390169 0.000000 0.000000 0.000000 1.000000];[0.530230 -0.846442 0.048186 -245.638931 -0.567586 -0.396589 -0.721450 125.717484 0.629813 0.355205 -0.690714 1278.466919 0.000000 0.000000 0.000000 1.000000];
0.157374;[0.500385 -0.865532 0.019330 -0.262606 -0.558915 -0.339989 -0.756260 0.131907 0.661156 0.367638 -0.653878 1.394995 0.000000 0.000000 0.000000 1.000000];[0.541752 -0.839268 0.045435 -242.441223 -0.563115 -0.402532 -0.721661 123.174408 0.623993 0.365397 -0.690679 1281.602905 0.000000 0.000000 0.000000 1.000000];
0.126831;[0.505884 -0.862357 0.018751 -0.259618 -0.557297 -0.343314 -0.755954 0.129737 0.658348 0.371980 -0.654264 1.399760 0.000000 0.000000 0.000000 1.000000];[0.551212 -0.833229 0.042721 -239.662628 -0.559696 -0.407230 -0.721686 120.662369 0.618764 0.373912 -0.690827 1285.619141 0.000000 0.000000 0.000000 1.000000];
0.137190;[0.513033 -0.858155 0.016558 -0.256126 -0.555214 -0.346422 -0.756042 0.126415 0.654566 0.378672 -0.654177 1.403433 0.000000 0.000000 0.000000 1.000000];[0.551265 -0.833389 0.038731 -237.455704 -0.560072 -0.404051 -0.723179 118.494209 0.618375 0.376993 -0.689500 1293.486938 0.000000 0.000000 0.000000 1.000000];
0.118803;[0.519466 -0.854333 0.011981 -0.253497 -0.552501 -0.346489 -0.758008 0.123364 0.651788 0.387138 -0.651990 1.403585 0.000000 0.000000 0.000000 1.000000];[0.556249 -0.830228 0.035195 -234.999756 -0.559494 -0.405469 -0.722832 116.049706 0.614423 0.382405 -0.690052 1297.580322 0.000000 0.000000 0.000000 1.000000];
0.140294;[0.526467 -0.850089 0.009187 -0.251842 -0.552459 -0.350251 -0.756315 0.121621 0.646167 0.393110 -0.654033 1.411777 0.000000 0.000000 0.000000 1.000000];[0.565247 -0.824121 0.035375 -233.479218 -0.555904 -0.412233 -0.721776 113.621490 0.609449 0.388338 -0.691148 1301.425049 0.000000 0.000000 0.000000 1.000000];
0.119044;[0.530409 -0.847648 0.009432 -0.250548 -0.550704 -0.352944 -0.756353 0.118509 0.644476 0.395980 -0.654005 1.413591 0.000000 0.000000 0.000000 1.000000];[0.577351 -0.815819 0.032203 -231.417404 -0.554937 -0.421013 -0.717439 110.654556 0.598893 0.396365 -0.695803 1301.182373 0.000000 0.000000 0.000000 1.000000];
0.128900;[0.535022 -0.844723 0.011415 -0.249556 -0.547160 -0.356754 -0.757169 0.115638 0.643682 0.398859 -0.653063 1.414981 0.000000 0.000000 0.000000 1.000000];[0.578259 -0.815178 0.032149 -230.038742 -0.554300 -0.421472 -0.717662 108.218864 0.598607 0.397196 -0.695576 1301.202393 0.000000 0.000000 0.000000 1.000000];
0.135147;[0.540255 -0.841456 0.006292 -0.248887 -0.548741 -0.357912 -0.755438 0.113744 0.637930 0.404671 -0.655102 1.420863 0.000000 0.000000 0.000000 1.000000];[0.586524 -0.809261 0.031900 -229.276321 -0.550788 -0.427416 -0.716850 105.674782 0.593788 0.402902 -0.696424 1301.396484 0.000000 0.000000 0.000000 1.000000];
0.140144;[0.543896 -0.839047 0.006106 -0.248591 -0.545088 -0.358797 -0.757652 0.110209 0.637931 0.408767 -0.652482 1.418575 0.000000 0.000000 0.000000 1.000000];[0.587771 -0.808349 0.032072 -229.414902 -0.551585 -0.429408 -0.715044 103.299500 0.591811 0.402614 -0.698271 1304.798096 0.000000 0.000000 0.000000 1.000000];
0.130903;[0.547330 -0.836823 0.005386 -0.248187 -0.544448 -0.360874 -0.757119 0.108961 0.635543 0.411459 -0.653114 1.422656 0.000000 0.000000 0.000000 1.000000];[0.591652 -0.805637 0.028788 -229.860352 -0.548350 -0.428333 -0.718171 102.058571 0.590950 0.409144 -0.695198 1309.617920 0.000000 0.000000 0.000000 1.000000];
0.116023;[0.549874 -0.835150 0.008864 -0.248044 -0.542819 -0.365362 -0.756168 0.106939 0.634771 0.410981 -0.654237 1.426480 0.000000 0.000000 0.000000 1.000000];[0.588487 -0.808066 0.025370 -229.579208 -0.550791 -0.423665 -0.719071 100.990181 0.591840 0.409212 -0.694400 1315.664185 0.000000 0.000000 0.000000 1.000000];
0.115877;[0.556993 -0.830439 0.000424 -0.245900 -0.543531 -0.364831 -0.755890 0.105739 0.627911 0.420793 -0.654560 1.429690 0.000000 0.000000 0.000000 1.000000];[0.588648 -0.807927 0.026069 -227.825104 -0.550744 -0.424423 -0.718660 99.587723 0.591723 0.408703 -0.694800 1315.677612 0.000000 0.000000 0.000000 1.000000];
0.134337;[0.558037 -0.829763 0.002890 -0.243344 -0.541900 -0.366993 -0.756022 0.104725 0.628393 0.420323 -0.654439 1.431970 0.000000 0.000000 0.000000 1.000000];[0.596704 -0.802100 0.022629 -225.243423 -0.548968 -0.428602 -0.717538 98.161865 0.585269 0.415758 -0.696079 1317.437866 0.000000 0.000000 0.000000 1.000000];
0.121926;[0.561972 -0.827110 0.001660 -0.241519 -0.539953 -0.368316 -0.756790 0.102878 0.626580 0.424397 -0.653576 1.434695 0.000000 0.000000 0.000000 1.000000];[0.600438 -0.799277 0.023692 -223.445679 -0.547048 -0.432172 -0.716862 96.543098 0.583244 0.417494 -0.696740 1321.550293 0.000000 0.000000 0.000000 1.000000];
0.124988;[0.566811 -0.823782 -0.001736 -0.239182 -0.540771 -0.370414 -0.755160 0.100987 0.621481 0.428975 -0.655422 1.438527 0.000000 0.000000 0.000000 1.000000];[0.602864 -0.797462 0.023259 -221.684967 -0.545420 -0.433218 -0.717472 95.272003 0.582266 0.419875 -0.696127 1325.636230 0.000000 0.000000 0.000000 1.000000];
0.140288;[0.569964 -0.821628 -0.002241 -0.238169 -0.539103 -0.371900 -0.755634 0.099607 0.620026 0.431903 -0.654909 1.443283 0.000000 0.000000 0.000000 1.000000];[0.602118 -0.798065 0.021871 -219.869904 -0.545344 -0.431112 -0.718796 93.944321 0.583108 0.420895 -0.694804 1328.692383 0.000000 0.000000 0.000000 1.000000];
0.153767;[0.572426 -0.819882 -0.004079 -0.236115 -0.536808 -0.370980 -0.757713 0.098110 0.619741 0.435930 -0.652466 1.443948 0.000000 0.000000 0.000000 1.000000];[0.601238 -0.798823 0.018031 -218.857208 -0.548575 -0.429050 -0.717570 92.841652 0.580981 0.421562 -0.696180 1334.431885 0.000000 0.000000 0.000000 1.000000];
0.140922;[0.575614 -0.817656 -0.005276 -0.234889 -0.538952 -0.374480 -0.754456 0.097627 0.614907 0.437124 -0.656242 1.453050 0.000000 0.000000 0.000000 1.000000];[0.607281 -0.794255 0.017338 -217.679230 -0.545322 -0.432587 -0.717927 91.331017 0.577750 0.426551 -0.695830 1336.183472 0.000000 0.000000 0.000000 1.000000];
0.115672;[0.575971 -0.817390 -0.006463 -0.234265 -0.537766 -0.372907 -0.756105 0.095645 0.615636 0.438965 -0.654345 1.452543 0.000000 0.000000 0.000000 1.000000];[0.610003 -0.792192 0.016143 -217.863129 -0.542915 -0.432686 -0.719689 90.240829 0.577150 0.430271 -0.694036 1341.879395 0.000000 0.000000 0.000000 1.000000];
0.116379;[0.579555 -0.814843 -0.009430 -0.234932 -0.537902 -0.373784 -0.755558 0.095033 0.612137 0.442964 -0.654943 1.458120 0.000000 0.000000 0.000000 1.000000];[0.617853 -0.786112 0.014784 -217.774658 -0.541738 -0.439226 -0.716607 88.583961 0.569860 0.434771 -0.697248 1341.625977 0.000000 0.000000 0.000000 1.000000];
0.140517;[0.580044 -0.814485 -0.007045 -0.236181 -0.536197 -0.375254 -0.756059 0.093122 0.613161 0.442332 -0.654382 1.459632 0.000000 0.000000 0.000000 1.000000];[0.620878 -0.783742 0.013846 -219.124985 -0.541580 -0.441639 -0.715243 87.197472 0.566713 0.436603 -0.698667 1345.894897 0.000000 0.000000 0.000000 1.000000];
0.113450;[0.582488 -0.812680 -0.012737 -0.237930 -0.536168 -0.372334 -0.757497 0.092233 0.610859 0.448063 -0.652624 1.454175 0.000000 0.000000 0.000000 1.000000];[0.618384 -0.785720 0.013347 -220.633011 -0.543489 -0.439850 -0.714897 86.273438 0.567612 0.434850 -0.699030 1346.145020 0.000000 0.000000 0.000000 1.000000];
0.124403;[0.582450 -0.812723 -0.012854 -0.240234 -0.537683 -0.373331 -0.755923 0.090703 0.609563 0.447199 -0.654430 1.455895 0.000000 0.000000 0.000000 1.000000];[0.615057 -0.788280 0.015880 -222.969650 -0.544868 -0.439484 -0.714072 85.481812 0.569900 0.430565 -0.699820 1345.616455 0.000000 0.000000 0.000000 1.000000];
0.114400;[0.582855 -0.812482 -0.010506 -0.241884 -0.535003 -0.373951 -0.757543 0.090404 0.611553 0.447166 -0.652646 1.455559 0.000000 0.000000 0.000000 1.000000];[0.609786 -0.792474 0.008786 -225.277023 -0.546847 -0.428720 -0.719086 85.595383 0.573657 0.433706 -0.694793 1351.060425 0.000000 0.000000 0.000000 1.000000];
0.129640;[0.582633 -0.812634 -0.010177 -0.244577 -0.536627 -0.375187 -0.755731 0.089686 0.610308 0.445781 -0.654682 1.457051 0.000000 0.000000 0.000000 1.000000];[0.609565 -0.792641 0.009046 -227.770752 -0.547752 -0.429397 -0.717992 85.034218 0.573027 0.432731 -0.695921 1355.476440 0.000000 0.000000 0.000000 1.000000];
0.116022;[0.582265 -0.812903 -0.010044 -0.246076 -0.535616 -0.374246 -0.756952 0.088897 0.611584 0.446116 -0.653316 1.456358 0.000000 0.000000 0.000000 1.000000];[0.606680 -0.794856 0.008613 -229.572281 -0.550315 -0.427767 -0.717005 84.569206 0.573633 0.430276 -0.696943 1356.705688 0.000000 0.000000 0.000000 1.000000];
0.116450;[0.585382 -0.810600 -0.014167 -0.247145 -0.531709 -0.370612 -0.761475 0.088239 0.611991 0.453294 -0.647959 1.450924 0.000000 0.000000 0.000000 1.000000];[0.606349 -0.795079 0.011056 -231.241180 -0.549141 -0.428730 -0.717329 84.082382 0.575107 0.428903 -0.696574 1356.816895 0.000000 0.000000 0.000000 1.000000];
0.124874;[0.584953 -0.810898 -0.015067 -0.247002 -0.532004 -0.369564 -0.761807 0.086981 0.612198 0.453633 -0.647571 1.447440 0.000000 0.000000 0.000000 1.000000];[0.609651 -0.792522 0.012877 -232.535446 -0.545264 -0.431091 -0.718870 83.549698 0.575305 0.431261 -0.694953 1359.151855 0.000000 0.000000 0.000000 1.000000];
0.128476;[0.585232 -0.810780 -0.011776 -0.248686 -0.532949 -0.373654 -0.759138 0.086759 0.611093 0.450549 -0.650779 1.450540 0.000000 0.000000 0.000000 1.000000];[0.613087 -0.789905 0.010283 -233.893356 -0.543297 -0.431024 -0.720398 83.420120 0.573511 0.436103 -0.693412 1364.048828 0.000000 0.000000 0.000000 1.000000];
